"","X","id","condition","block","task","switch","probe","key_press","rt","time_elapsed","ans","acc","easy_colour","age","sex","comments","preference","notice","difficult","mental_purple","temporal_purple","effort_purple","performance_purple","frustration_purple","mental_blue","temporal_blue","effort_blue","performance_blue","frustration_blue","nfc1","nfc2","nfc3","nfc4","nfc5","nfc6","nfc7","nfc8","nfc9","nfc10","nfc11","nfc12","nfc13","nfc14","nfc15","nfc16","nfc17","nfc18","IP"
"97501",76501,"ScjmfTA5QGWp",0,1,"magnitude",NA,6,73,1067.09000000043,335850,73,1,"purple","54","male",NA,"the purple one","the purple one was easier, it stayed with a colored number longer instead of switching as much","blue",6,2,7,5,1,8,6,8,4,6,"Moderate Disagreement","Moderate Disagreement","Moderate Agreement","Slight Agreement","Strong Agreement","Moderate Disagreement","Strong Agreement","Moderate Agreement","Moderate Agreement","Slight Agreement","Slight Agreement","Moderate Disagreement","Moderate Disagreement","Slight Agreement","Moderate Disagreement","Strong Agreement","Strong Disagreement","Strong Disagreement",NA
"97502",76502,"ScjmfTA5QGWp",0,1,"parity","switch",2,69,1064.71000000241,337417,69,1,"purple","54","male",NA,"the purple one","the purple one was easier, it stayed with a colored number longer instead of switching as much","blue",6,2,7,5,1,8,6,8,4,6,"Moderate Disagreement","Moderate Disagreement","Moderate Agreement","Slight Agreement","Strong Agreement","Moderate Disagreement","Strong Agreement","Moderate Agreement","Moderate Agreement","Slight Agreement","Slight Agreement","Moderate Disagreement","Moderate Disagreement","Slight Agreement","Moderate Disagreement","Strong Agreement","Strong Disagreement","Strong Disagreement",NA
"97503",76503,"ScjmfTA5QGWp",0,1,"magnitude","switch",7,73,794.644999998098,338713,73,1,"purple","54","male",NA,"the purple one","the purple one was easier, it stayed with a colored number longer instead of switching as much","blue",6,2,7,5,1,8,6,8,4,6,"Moderate Disagreement","Moderate Disagreement","Moderate Agreement","Slight Agreement","Strong Agreement","Moderate Disagreement","Strong Agreement","Moderate Agreement","Moderate Agreement","Slight Agreement","Slight Agreement","Moderate Disagreement","Moderate Disagreement","Slight Agreement","Moderate Disagreement","Strong Agreement","Strong Disagreement","Strong Disagreement",NA
"97504",76504,"ScjmfTA5QGWp",0,1,"parity","switch",2,69,698.61999999918,339913,69,1,"purple","54","male",NA,"the purple one","the purple one was easier, it stayed with a colored number longer instead of switching as much","blue",6,2,7,5,1,8,6,8,4,6,"Moderate Disagreement","Moderate Disagreement","Moderate Agreement","Slight Agreement","Strong Agreement","Moderate Disagreement","Strong Agreement","Moderate Agreement","Moderate Agreement","Slight Agreement","Slight Agreement","Moderate Disagreement","Moderate Disagreement","Slight Agreement","Moderate Disagreement","Strong Agreement","Strong Disagreement","Strong Disagreement",NA
"97505",76505,"ScjmfTA5QGWp",0,1,"magnitude","switch",4,69,1002.51999999816,341417,69,1,"purple","54","male",NA,"the purple one","the purple one was easier, it stayed with a colored number longer instead of switching as much","blue",6,2,7,5,1,8,6,8,4,6,"Moderate Disagreement","Moderate Disagreement","Moderate Agreement","Slight Agreement","Strong Agreement","Moderate Disagreement","Strong Agreement","Moderate Agreement","Moderate Agreement","Slight Agreement","Slight Agreement","Moderate Disagreement","Moderate Disagreement","Slight Agreement","Moderate Disagreement","Strong Agreement","Strong Disagreement","Strong Disagreement",NA
"97506",76506,"ScjmfTA5QGWp",0,1,"parity","switch",4,73,955.385000001173,342873,69,0,"purple","54","male",NA,"the purple one","the purple one was easier, it stayed with a colored number longer instead of switching as much","blue",6,2,7,5,1,8,6,8,4,6,"Moderate Disagreement","Moderate Disagreement","Moderate Agreement","Slight Agreement","Strong Agreement","Moderate Disagreement","Strong Agreement","Moderate Agreement","Moderate Agreement","Slight Agreement","Slight Agreement","Moderate Disagreement","Moderate Disagreement","Slight Agreement","Moderate Disagreement","Strong Agreement","Strong Disagreement","Strong Disagreement",NA
"97507",76507,"ScjmfTA5QGWp",0,1,"magnitude","switch",4,69,939.399999999325,344313,69,1,"purple","54","male",NA,"the purple one","the purple one was easier, it stayed with a colored number longer instead of switching as much","blue",6,2,7,5,1,8,6,8,4,6,"Moderate Disagreement","Moderate Disagreement","Moderate Agreement","Slight Agreement","Strong Agreement","Moderate Disagreement","Strong Agreement","Moderate Agreement","Moderate Agreement","Slight Agreement","Slight Agreement","Moderate Disagreement","Moderate Disagreement","Slight Agreement","Moderate Disagreement","Strong Agreement","Strong Disagreement","Strong Disagreement",NA
"97508",76508,"ScjmfTA5QGWp",0,1,"magnitude","repeat",8,73,715.374999999767,345529,73,1,"purple","54","male",NA,"the purple one","the purple one was easier, it stayed with a colored number longer instead of switching as much","blue",6,2,7,5,1,8,6,8,4,6,"Moderate Disagreement","Moderate Disagreement","Moderate Agreement","Slight Agreement","Strong Agreement","Moderate Disagreement","Strong Agreement","Moderate Agreement","Moderate Agreement","Slight Agreement","Slight Agreement","Moderate Disagreement","Moderate Disagreement","Slight Agreement","Moderate Disagreement","Strong Agreement","Strong Disagreement","Strong Disagreement",NA
"97509",76509,"ScjmfTA5QGWp",0,1,"parity","switch",4,69,1115.47000000061,347146,69,1,"purple","54","male",NA,"the purple one","the purple one was easier, it stayed with a colored number longer instead of switching as much","blue",6,2,7,5,1,8,6,8,4,6,"Moderate Disagreement","Moderate Disagreement","Moderate Agreement","Slight Agreement","Strong Agreement","Moderate Disagreement","Strong Agreement","Moderate Agreement","Moderate Agreement","Slight Agreement","Slight Agreement","Moderate Disagreement","Moderate Disagreement","Slight Agreement","Moderate Disagreement","Strong Agreement","Strong Disagreement","Strong Disagreement",NA
"97510",76510,"ScjmfTA5QGWp",0,1,"magnitude","switch",2,69,811.06500000169,348457,69,1,"purple","54","male",NA,"the purple one","the purple one was easier, it stayed with a colored number longer instead of switching as much","blue",6,2,7,5,1,8,6,8,4,6,"Moderate Disagreement","Moderate Disagreement","Moderate Agreement","Slight Agreement","Strong Agreement","Moderate Disagreement","Strong Agreement","Moderate Agreement","Moderate Agreement","Slight Agreement","Slight Agreement","Moderate Disagreement","Moderate Disagreement","Slight Agreement","Moderate Disagreement","Strong Agreement","Strong Disagreement","Strong Disagreement",NA
"97511",76511,"ScjmfTA5QGWp",0,1,"parity","switch",9,73,698.939999998431,349657,73,1,"purple","54","male",NA,"the purple one","the purple one was easier, it stayed with a colored number longer instead of switching as much","blue",6,2,7,5,1,8,6,8,4,6,"Moderate Disagreement","Moderate Disagreement","Moderate Agreement","Slight Agreement","Strong Agreement","Moderate Disagreement","Strong Agreement","Moderate Agreement","Moderate Agreement","Slight Agreement","Slight Agreement","Moderate Disagreement","Moderate Disagreement","Slight Agreement","Moderate Disagreement","Strong Agreement","Strong Disagreement","Strong Disagreement",NA
"97512",76512,"ScjmfTA5QGWp",0,1,"magnitude","switch",3,69,778.594999999739,350937,69,1,"purple","54","male",NA,"the purple one","the purple one was easier, it stayed with a colored number longer instead of switching as much","blue",6,2,7,5,1,8,6,8,4,6,"Moderate Disagreement","Moderate Disagreement","Moderate Agreement","Slight Agreement","Strong Agreement","Moderate Disagreement","Strong Agreement","Moderate Agreement","Moderate Agreement","Slight Agreement","Slight Agreement","Moderate Disagreement","Moderate Disagreement","Slight Agreement","Moderate Disagreement","Strong Agreement","Strong Disagreement","Strong Disagreement",NA
"97513",76513,"ScjmfTA5QGWp",0,1,"parity","switch",6,69,747.274999997928,352186,69,1,"purple","54","male",NA,"the purple one","the purple one was easier, it stayed with a colored number longer instead of switching as much","blue",6,2,7,5,1,8,6,8,4,6,"Moderate Disagreement","Moderate Disagreement","Moderate Agreement","Slight Agreement","Strong Agreement","Moderate Disagreement","Strong Agreement","Moderate Agreement","Moderate Agreement","Slight Agreement","Slight Agreement","Moderate Disagreement","Moderate Disagreement","Slight Agreement","Moderate Disagreement","Strong Agreement","Strong Disagreement","Strong Disagreement",NA
"97514",76514,"ScjmfTA5QGWp",0,1,"parity","repeat",4,69,1067.25499999814,353754,69,1,"purple","54","male",NA,"the purple one","the purple one was easier, it stayed with a colored number longer instead of switching as much","blue",6,2,7,5,1,8,6,8,4,6,"Moderate Disagreement","Moderate Disagreement","Moderate Agreement","Slight Agreement","Strong Agreement","Moderate Disagreement","Strong Agreement","Moderate Agreement","Moderate Agreement","Slight Agreement","Slight Agreement","Moderate Disagreement","Moderate Disagreement","Slight Agreement","Moderate Disagreement","Strong Agreement","Strong Disagreement","Strong Disagreement",NA
"97515",76515,"ScjmfTA5QGWp",0,1,"magnitude","switch",2,69,713.804999999353,354969,69,1,"purple","54","male",NA,"the purple one","the purple one was easier, it stayed with a colored number longer instead of switching as much","blue",6,2,7,5,1,8,6,8,4,6,"Moderate Disagreement","Moderate Disagreement","Moderate Agreement","Slight Agreement","Strong Agreement","Moderate Disagreement","Strong Agreement","Moderate Agreement","Moderate Agreement","Slight Agreement","Slight Agreement","Moderate Disagreement","Moderate Disagreement","Slight Agreement","Moderate Disagreement","Strong Agreement","Strong Disagreement","Strong Disagreement",NA
"97516",76516,"ScjmfTA5QGWp",0,1,"parity","switch",7,73,794.86000000179,356266,73,1,"purple","54","male",NA,"the purple one","the purple one was easier, it stayed with a colored number longer instead of switching as much","blue",6,2,7,5,1,8,6,8,4,6,"Moderate Disagreement","Moderate Disagreement","Moderate Agreement","Slight Agreement","Strong Agreement","Moderate Disagreement","Strong Agreement","Moderate Agreement","Moderate Agreement","Slight Agreement","Slight Agreement","Moderate Disagreement","Moderate Disagreement","Slight Agreement","Moderate Disagreement","Strong Agreement","Strong Disagreement","Strong Disagreement",NA
"97517",76517,"ScjmfTA5QGWp",0,1,"magnitude","switch",4,69,842.62999999919,357610,69,1,"purple","54","male",NA,"the purple one","the purple one was easier, it stayed with a colored number longer instead of switching as much","blue",6,2,7,5,1,8,6,8,4,6,"Moderate Disagreement","Moderate Disagreement","Moderate Agreement","Slight Agreement","Strong Agreement","Moderate Disagreement","Strong Agreement","Moderate Agreement","Moderate Agreement","Slight Agreement","Slight Agreement","Moderate Disagreement","Moderate Disagreement","Slight Agreement","Moderate Disagreement","Strong Agreement","Strong Disagreement","Strong Disagreement",NA
"97518",76518,"ScjmfTA5QGWp",0,1,"parity","switch",6,69,618.504999998549,358729,69,1,"purple","54","male",NA,"the purple one","the purple one was easier, it stayed with a colored number longer instead of switching as much","blue",6,2,7,5,1,8,6,8,4,6,"Moderate Disagreement","Moderate Disagreement","Moderate Agreement","Slight Agreement","Strong Agreement","Moderate Disagreement","Strong Agreement","Moderate Agreement","Moderate Agreement","Slight Agreement","Slight Agreement","Moderate Disagreement","Moderate Disagreement","Slight Agreement","Moderate Disagreement","Strong Agreement","Strong Disagreement","Strong Disagreement",NA
"97519",76519,"ScjmfTA5QGWp",0,1,"parity","repeat",2,69,956.395000001066,360186,69,1,"purple","54","male",NA,"the purple one","the purple one was easier, it stayed with a colored number longer instead of switching as much","blue",6,2,7,5,1,8,6,8,4,6,"Moderate Disagreement","Moderate Disagreement","Moderate Agreement","Slight Agreement","Strong Agreement","Moderate Disagreement","Strong Agreement","Moderate Agreement","Moderate Agreement","Slight Agreement","Slight Agreement","Moderate Disagreement","Moderate Disagreement","Slight Agreement","Moderate Disagreement","Strong Agreement","Strong Disagreement","Strong Disagreement",NA
"97520",76520,"ScjmfTA5QGWp",0,1,"magnitude","switch",8,73,746.32500000007,361434,73,1,"purple","54","male",NA,"the purple one","the purple one was easier, it stayed with a colored number longer instead of switching as much","blue",6,2,7,5,1,8,6,8,4,6,"Moderate Disagreement","Moderate Disagreement","Moderate Agreement","Slight Agreement","Strong Agreement","Moderate Disagreement","Strong Agreement","Moderate Agreement","Moderate Agreement","Slight Agreement","Slight Agreement","Moderate Disagreement","Moderate Disagreement","Slight Agreement","Moderate Disagreement","Strong Agreement","Strong Disagreement","Strong Disagreement",NA
"97521",76521,"ScjmfTA5QGWp",0,1,"parity","switch",1,73,1131.38000000257,363066,73,1,"purple","54","male",NA,"the purple one","the purple one was easier, it stayed with a colored number longer instead of switching as much","blue",6,2,7,5,1,8,6,8,4,6,"Moderate Disagreement","Moderate Disagreement","Moderate Agreement","Slight Agreement","Strong Agreement","Moderate Disagreement","Strong Agreement","Moderate Agreement","Moderate Agreement","Slight Agreement","Slight Agreement","Moderate Disagreement","Moderate Disagreement","Slight Agreement","Moderate Disagreement","Strong Agreement","Strong Disagreement","Strong Disagreement",NA
"97522",76522,"ScjmfTA5QGWp",0,1,"parity","repeat",3,73,827.210000003106,364394,73,1,"purple","54","male",NA,"the purple one","the purple one was easier, it stayed with a colored number longer instead of switching as much","blue",6,2,7,5,1,8,6,8,4,6,"Moderate Disagreement","Moderate Disagreement","Moderate Agreement","Slight Agreement","Strong Agreement","Moderate Disagreement","Strong Agreement","Moderate Agreement","Moderate Agreement","Slight Agreement","Slight Agreement","Moderate Disagreement","Moderate Disagreement","Slight Agreement","Moderate Disagreement","Strong Agreement","Strong Disagreement","Strong Disagreement",NA
"97523",76523,"ScjmfTA5QGWp",0,1,"magnitude","switch",8,73,1051.12499999814,365946,73,1,"purple","54","male",NA,"the purple one","the purple one was easier, it stayed with a colored number longer instead of switching as much","blue",6,2,7,5,1,8,6,8,4,6,"Moderate Disagreement","Moderate Disagreement","Moderate Agreement","Slight Agreement","Strong Agreement","Moderate Disagreement","Strong Agreement","Moderate Agreement","Moderate Agreement","Slight Agreement","Slight Agreement","Moderate Disagreement","Moderate Disagreement","Slight Agreement","Moderate Disagreement","Strong Agreement","Strong Disagreement","Strong Disagreement",NA
"97524",76524,"ScjmfTA5QGWp",0,1,"parity","switch",2,69,875.145000001823,367322,69,1,"purple","54","male",NA,"the purple one","the purple one was easier, it stayed with a colored number longer instead of switching as much","blue",6,2,7,5,1,8,6,8,4,6,"Moderate Disagreement","Moderate Disagreement","Moderate Agreement","Slight Agreement","Strong Agreement","Moderate Disagreement","Strong Agreement","Moderate Agreement","Moderate Agreement","Slight Agreement","Slight Agreement","Moderate Disagreement","Moderate Disagreement","Slight Agreement","Moderate Disagreement","Strong Agreement","Strong Disagreement","Strong Disagreement",NA
"97525",76525,"ScjmfTA5QGWp",0,1,"magnitude","switch",3,69,1003.21999999869,368826,69,1,"purple","54","male",NA,"the purple one","the purple one was easier, it stayed with a colored number longer instead of switching as much","blue",6,2,7,5,1,8,6,8,4,6,"Moderate Disagreement","Moderate Disagreement","Moderate Agreement","Slight Agreement","Strong Agreement","Moderate Disagreement","Strong Agreement","Moderate Agreement","Moderate Agreement","Slight Agreement","Slight Agreement","Moderate Disagreement","Moderate Disagreement","Slight Agreement","Moderate Disagreement","Strong Agreement","Strong Disagreement","Strong Disagreement",NA
"97526",76526,"ScjmfTA5QGWp",0,1,"parity","switch",1,73,2010.94500000181,371338,73,1,"purple","54","male",NA,"the purple one","the purple one was easier, it stayed with a colored number longer instead of switching as much","blue",6,2,7,5,1,8,6,8,4,6,"Moderate Disagreement","Moderate Disagreement","Moderate Agreement","Slight Agreement","Strong Agreement","Moderate Disagreement","Strong Agreement","Moderate Agreement","Moderate Agreement","Slight Agreement","Slight Agreement","Moderate Disagreement","Moderate Disagreement","Slight Agreement","Moderate Disagreement","Strong Agreement","Strong Disagreement","Strong Disagreement",NA
"97527",76527,"ScjmfTA5QGWp",0,1,"magnitude","switch",4,69,938.740000001388,372778,69,1,"purple","54","male",NA,"the purple one","the purple one was easier, it stayed with a colored number longer instead of switching as much","blue",6,2,7,5,1,8,6,8,4,6,"Moderate Disagreement","Moderate Disagreement","Moderate Agreement","Slight Agreement","Strong Agreement","Moderate Disagreement","Strong Agreement","Moderate Agreement","Moderate Agreement","Slight Agreement","Slight Agreement","Moderate Disagreement","Moderate Disagreement","Slight Agreement","Moderate Disagreement","Strong Agreement","Strong Disagreement","Strong Disagreement",NA
"97528",76528,"ScjmfTA5QGWp",0,1,"parity","switch",6,69,890.690000000177,374170,69,1,"purple","54","male",NA,"the purple one","the purple one was easier, it stayed with a colored number longer instead of switching as much","blue",6,2,7,5,1,8,6,8,4,6,"Moderate Disagreement","Moderate Disagreement","Moderate Agreement","Slight Agreement","Strong Agreement","Moderate Disagreement","Strong Agreement","Moderate Agreement","Moderate Agreement","Slight Agreement","Slight Agreement","Moderate Disagreement","Moderate Disagreement","Slight Agreement","Moderate Disagreement","Strong Agreement","Strong Disagreement","Strong Disagreement",NA
"97529",76529,"ScjmfTA5QGWp",0,1,"magnitude","switch",8,73,810.630000000005,375482,73,1,"purple","54","male",NA,"the purple one","the purple one was easier, it stayed with a colored number longer instead of switching as much","blue",6,2,7,5,1,8,6,8,4,6,"Moderate Disagreement","Moderate Disagreement","Moderate Agreement","Slight Agreement","Strong Agreement","Moderate Disagreement","Strong Agreement","Moderate Agreement","Moderate Agreement","Slight Agreement","Slight Agreement","Moderate Disagreement","Moderate Disagreement","Slight Agreement","Moderate Disagreement","Strong Agreement","Strong Disagreement","Strong Disagreement",NA
"97530",76530,"ScjmfTA5QGWp",0,1,"parity","switch",2,69,1226.50499999872,377210,69,1,"purple","54","male",NA,"the purple one","the purple one was easier, it stayed with a colored number longer instead of switching as much","blue",6,2,7,5,1,8,6,8,4,6,"Moderate Disagreement","Moderate Disagreement","Moderate Agreement","Slight Agreement","Strong Agreement","Moderate Disagreement","Strong Agreement","Moderate Agreement","Moderate Agreement","Slight Agreement","Slight Agreement","Moderate Disagreement","Moderate Disagreement","Slight Agreement","Moderate Disagreement","Strong Agreement","Strong Disagreement","Strong Disagreement",NA
"97531",76531,"ScjmfTA5QGWp",0,1,"magnitude","switch",8,73,843.375000000407,378554,73,1,"purple","54","male",NA,"the purple one","the purple one was easier, it stayed with a colored number longer instead of switching as much","blue",6,2,7,5,1,8,6,8,4,6,"Moderate Disagreement","Moderate Disagreement","Moderate Agreement","Slight Agreement","Strong Agreement","Moderate Disagreement","Strong Agreement","Moderate Agreement","Moderate Agreement","Slight Agreement","Slight Agreement","Moderate Disagreement","Moderate Disagreement","Slight Agreement","Moderate Disagreement","Strong Agreement","Strong Disagreement","Strong Disagreement",NA
"97532",76532,"ScjmfTA5QGWp",0,1,"parity","switch",2,69,683.530000002007,379738,69,1,"purple","54","male",NA,"the purple one","the purple one was easier, it stayed with a colored number longer instead of switching as much","blue",6,2,7,5,1,8,6,8,4,6,"Moderate Disagreement","Moderate Disagreement","Moderate Agreement","Slight Agreement","Strong Agreement","Moderate Disagreement","Strong Agreement","Moderate Agreement","Moderate Agreement","Slight Agreement","Slight Agreement","Moderate Disagreement","Moderate Disagreement","Slight Agreement","Moderate Disagreement","Strong Agreement","Strong Disagreement","Strong Disagreement",NA
"97533",76533,"ScjmfTA5QGWp",0,1,"magnitude","switch",7,73,938.485000002373,381178,73,1,"purple","54","male",NA,"the purple one","the purple one was easier, it stayed with a colored number longer instead of switching as much","blue",6,2,7,5,1,8,6,8,4,6,"Moderate Disagreement","Moderate Disagreement","Moderate Agreement","Slight Agreement","Strong Agreement","Moderate Disagreement","Strong Agreement","Moderate Agreement","Moderate Agreement","Slight Agreement","Slight Agreement","Moderate Disagreement","Moderate Disagreement","Slight Agreement","Moderate Disagreement","Strong Agreement","Strong Disagreement","Strong Disagreement",NA
"97534",76534,"ScjmfTA5QGWp",0,1,"parity","switch",2,69,711.96499999857,382394,69,1,"purple","54","male",NA,"the purple one","the purple one was easier, it stayed with a colored number longer instead of switching as much","blue",6,2,7,5,1,8,6,8,4,6,"Moderate Disagreement","Moderate Disagreement","Moderate Agreement","Slight Agreement","Strong Agreement","Moderate Disagreement","Strong Agreement","Moderate Agreement","Moderate Agreement","Slight Agreement","Slight Agreement","Moderate Disagreement","Moderate Disagreement","Slight Agreement","Moderate Disagreement","Strong Agreement","Strong Disagreement","Strong Disagreement",NA
"97535",76535,"ScjmfTA5QGWp",0,1,"magnitude","switch",9,73,731.224999999569,383626,73,1,"purple","54","male",NA,"the purple one","the purple one was easier, it stayed with a colored number longer instead of switching as much","blue",6,2,7,5,1,8,6,8,4,6,"Moderate Disagreement","Moderate Disagreement","Moderate Agreement","Slight Agreement","Strong Agreement","Moderate Disagreement","Strong Agreement","Moderate Agreement","Moderate Agreement","Slight Agreement","Slight Agreement","Moderate Disagreement","Moderate Disagreement","Slight Agreement","Moderate Disagreement","Strong Agreement","Strong Disagreement","Strong Disagreement",NA
"97536",76536,"ScjmfTA5QGWp",0,1,"magnitude","repeat",1,69,715.029999999388,384842,69,1,"purple","54","male",NA,"the purple one","the purple one was easier, it stayed with a colored number longer instead of switching as much","blue",6,2,7,5,1,8,6,8,4,6,"Moderate Disagreement","Moderate Disagreement","Moderate Agreement","Slight Agreement","Strong Agreement","Moderate Disagreement","Strong Agreement","Moderate Agreement","Moderate Agreement","Slight Agreement","Slight Agreement","Moderate Disagreement","Moderate Disagreement","Slight Agreement","Moderate Disagreement","Strong Agreement","Strong Disagreement","Strong Disagreement",NA
"97537",76537,"ScjmfTA5QGWp",0,1,"parity","switch",1,73,890.889999998792,386234,73,1,"purple","54","male",NA,"the purple one","the purple one was easier, it stayed with a colored number longer instead of switching as much","blue",6,2,7,5,1,8,6,8,4,6,"Moderate Disagreement","Moderate Disagreement","Moderate Agreement","Slight Agreement","Strong Agreement","Moderate Disagreement","Strong Agreement","Moderate Agreement","Moderate Agreement","Slight Agreement","Slight Agreement","Moderate Disagreement","Moderate Disagreement","Slight Agreement","Moderate Disagreement","Strong Agreement","Strong Disagreement","Strong Disagreement",NA
"97538",76538,"ScjmfTA5QGWp",0,1,"magnitude","switch",3,69,1051.89500000054,387787,69,1,"purple","54","male",NA,"the purple one","the purple one was easier, it stayed with a colored number longer instead of switching as much","blue",6,2,7,5,1,8,6,8,4,6,"Moderate Disagreement","Moderate Disagreement","Moderate Agreement","Slight Agreement","Strong Agreement","Moderate Disagreement","Strong Agreement","Moderate Agreement","Moderate Agreement","Slight Agreement","Slight Agreement","Moderate Disagreement","Moderate Disagreement","Slight Agreement","Moderate Disagreement","Strong Agreement","Strong Disagreement","Strong Disagreement",NA
"97539",76539,"ScjmfTA5QGWp",0,1,"parity","switch",9,73,1017.83000000066,389306,73,1,"purple","54","male",NA,"the purple one","the purple one was easier, it stayed with a colored number longer instead of switching as much","blue",6,2,7,5,1,8,6,8,4,6,"Moderate Disagreement","Moderate Disagreement","Moderate Agreement","Slight Agreement","Strong Agreement","Moderate Disagreement","Strong Agreement","Moderate Agreement","Moderate Agreement","Slight Agreement","Slight Agreement","Moderate Disagreement","Moderate Disagreement","Slight Agreement","Moderate Disagreement","Strong Agreement","Strong Disagreement","Strong Disagreement",NA
"97540",76540,"ScjmfTA5QGWp",0,1,"magnitude","switch",3,69,1178.85000000021,390986,69,1,"purple","54","male",NA,"the purple one","the purple one was easier, it stayed with a colored number longer instead of switching as much","blue",6,2,7,5,1,8,6,8,4,6,"Moderate Disagreement","Moderate Disagreement","Moderate Agreement","Slight Agreement","Strong Agreement","Moderate Disagreement","Strong Agreement","Moderate Agreement","Moderate Agreement","Slight Agreement","Slight Agreement","Moderate Disagreement","Moderate Disagreement","Slight Agreement","Moderate Disagreement","Strong Agreement","Strong Disagreement","Strong Disagreement",NA
"97541",76541,"ScjmfTA5QGWp",0,1,"parity","switch",3,73,1098.73499999958,392586,73,1,"purple","54","male",NA,"the purple one","the purple one was easier, it stayed with a colored number longer instead of switching as much","blue",6,2,7,5,1,8,6,8,4,6,"Moderate Disagreement","Moderate Disagreement","Moderate Agreement","Slight Agreement","Strong Agreement","Moderate Disagreement","Strong Agreement","Moderate Agreement","Moderate Agreement","Slight Agreement","Slight Agreement","Moderate Disagreement","Moderate Disagreement","Slight Agreement","Moderate Disagreement","Strong Agreement","Strong Disagreement","Strong Disagreement",NA
"97542",76542,"ScjmfTA5QGWp",0,1,"magnitude","switch",6,73,1258.51999999938,394346,73,1,"purple","54","male",NA,"the purple one","the purple one was easier, it stayed with a colored number longer instead of switching as much","blue",6,2,7,5,1,8,6,8,4,6,"Moderate Disagreement","Moderate Disagreement","Moderate Agreement","Slight Agreement","Strong Agreement","Moderate Disagreement","Strong Agreement","Moderate Agreement","Moderate Agreement","Slight Agreement","Slight Agreement","Moderate Disagreement","Moderate Disagreement","Slight Agreement","Moderate Disagreement","Strong Agreement","Strong Disagreement","Strong Disagreement",NA
"97543",76543,"ScjmfTA5QGWp",0,1,"parity","switch",9,73,955.419999998412,395802,73,1,"purple","54","male",NA,"the purple one","the purple one was easier, it stayed with a colored number longer instead of switching as much","blue",6,2,7,5,1,8,6,8,4,6,"Moderate Disagreement","Moderate Disagreement","Moderate Agreement","Slight Agreement","Strong Agreement","Moderate Disagreement","Strong Agreement","Moderate Agreement","Moderate Agreement","Slight Agreement","Slight Agreement","Moderate Disagreement","Moderate Disagreement","Slight Agreement","Moderate Disagreement","Strong Agreement","Strong Disagreement","Strong Disagreement",NA
"97544",76544,"ScjmfTA5QGWp",0,1,"magnitude","switch",8,73,1243.25999999925,397546,73,1,"purple","54","male",NA,"the purple one","the purple one was easier, it stayed with a colored number longer instead of switching as much","blue",6,2,7,5,1,8,6,8,4,6,"Moderate Disagreement","Moderate Disagreement","Moderate Agreement","Slight Agreement","Strong Agreement","Moderate Disagreement","Strong Agreement","Moderate Agreement","Moderate Agreement","Slight Agreement","Slight Agreement","Moderate Disagreement","Moderate Disagreement","Slight Agreement","Moderate Disagreement","Strong Agreement","Strong Disagreement","Strong Disagreement",NA
"97545",76545,"ScjmfTA5QGWp",0,1,"parity","switch",9,73,1258.30000000133,399306,73,1,"purple","54","male",NA,"the purple one","the purple one was easier, it stayed with a colored number longer instead of switching as much","blue",6,2,7,5,1,8,6,8,4,6,"Moderate Disagreement","Moderate Disagreement","Moderate Agreement","Slight Agreement","Strong Agreement","Moderate Disagreement","Strong Agreement","Moderate Agreement","Moderate Agreement","Slight Agreement","Slight Agreement","Moderate Disagreement","Moderate Disagreement","Slight Agreement","Moderate Disagreement","Strong Agreement","Strong Disagreement","Strong Disagreement",NA
"97546",76546,"ScjmfTA5QGWp",0,1,"magnitude","switch",1,69,923.090000000258,400730,69,1,"purple","54","male",NA,"the purple one","the purple one was easier, it stayed with a colored number longer instead of switching as much","blue",6,2,7,5,1,8,6,8,4,6,"Moderate Disagreement","Moderate Disagreement","Moderate Agreement","Slight Agreement","Strong Agreement","Moderate Disagreement","Strong Agreement","Moderate Agreement","Moderate Agreement","Slight Agreement","Slight Agreement","Moderate Disagreement","Moderate Disagreement","Slight Agreement","Moderate Disagreement","Strong Agreement","Strong Disagreement","Strong Disagreement",NA
"97547",76547,"ScjmfTA5QGWp",0,1,"parity","switch",2,69,859.404999999213,402090,69,1,"purple","54","male",NA,"the purple one","the purple one was easier, it stayed with a colored number longer instead of switching as much","blue",6,2,7,5,1,8,6,8,4,6,"Moderate Disagreement","Moderate Disagreement","Moderate Agreement","Slight Agreement","Strong Agreement","Moderate Disagreement","Strong Agreement","Moderate Agreement","Moderate Agreement","Slight Agreement","Slight Agreement","Moderate Disagreement","Moderate Disagreement","Slight Agreement","Moderate Disagreement","Strong Agreement","Strong Disagreement","Strong Disagreement",NA
"97548",76548,"ScjmfTA5QGWp",0,1,"magnitude","switch",4,69,860.349999999045,403451,69,1,"purple","54","male",NA,"the purple one","the purple one was easier, it stayed with a colored number longer instead of switching as much","blue",6,2,7,5,1,8,6,8,4,6,"Moderate Disagreement","Moderate Disagreement","Moderate Agreement","Slight Agreement","Strong Agreement","Moderate Disagreement","Strong Agreement","Moderate Agreement","Moderate Agreement","Slight Agreement","Slight Agreement","Moderate Disagreement","Moderate Disagreement","Slight Agreement","Moderate Disagreement","Strong Agreement","Strong Disagreement","Strong Disagreement",NA
"97549",76549,"ScjmfTA5QGWp",0,1,"parity","switch",6,69,873.950000001118,404826,69,1,"purple","54","male",NA,"the purple one","the purple one was easier, it stayed with a colored number longer instead of switching as much","blue",6,2,7,5,1,8,6,8,4,6,"Moderate Disagreement","Moderate Disagreement","Moderate Agreement","Slight Agreement","Strong Agreement","Moderate Disagreement","Strong Agreement","Moderate Agreement","Moderate Agreement","Slight Agreement","Slight Agreement","Moderate Disagreement","Moderate Disagreement","Slight Agreement","Moderate Disagreement","Strong Agreement","Strong Disagreement","Strong Disagreement",NA
"97550",76550,"ScjmfTA5QGWp",0,1,"magnitude","switch",6,73,1194.91500000004,406522,73,1,"purple","54","male",NA,"the purple one","the purple one was easier, it stayed with a colored number longer instead of switching as much","blue",6,2,7,5,1,8,6,8,4,6,"Moderate Disagreement","Moderate Disagreement","Moderate Agreement","Slight Agreement","Strong Agreement","Moderate Disagreement","Strong Agreement","Moderate Agreement","Moderate Agreement","Slight Agreement","Slight Agreement","Moderate Disagreement","Moderate Disagreement","Slight Agreement","Moderate Disagreement","Strong Agreement","Strong Disagreement","Strong Disagreement",NA
"97551",76551,"ScjmfTA5QGWp",0,1,"parity","switch",8,69,1195.58499999763,408218,69,1,"purple","54","male",NA,"the purple one","the purple one was easier, it stayed with a colored number longer instead of switching as much","blue",6,2,7,5,1,8,6,8,4,6,"Moderate Disagreement","Moderate Disagreement","Moderate Agreement","Slight Agreement","Strong Agreement","Moderate Disagreement","Strong Agreement","Moderate Agreement","Moderate Agreement","Slight Agreement","Slight Agreement","Moderate Disagreement","Moderate Disagreement","Slight Agreement","Moderate Disagreement","Strong Agreement","Strong Disagreement","Strong Disagreement",NA
"97552",76552,"ScjmfTA5QGWp",0,1,"parity","repeat",1,73,1178.5549999986,409898,73,1,"purple","54","male",NA,"the purple one","the purple one was easier, it stayed with a colored number longer instead of switching as much","blue",6,2,7,5,1,8,6,8,4,6,"Moderate Disagreement","Moderate Disagreement","Moderate Agreement","Slight Agreement","Strong Agreement","Moderate Disagreement","Strong Agreement","Moderate Agreement","Moderate Agreement","Slight Agreement","Slight Agreement","Moderate Disagreement","Moderate Disagreement","Slight Agreement","Moderate Disagreement","Strong Agreement","Strong Disagreement","Strong Disagreement",NA
"97553",76553,"ScjmfTA5QGWp",0,1,"magnitude","switch",8,73,970.564999999653,411370,73,1,"purple","54","male",NA,"the purple one","the purple one was easier, it stayed with a colored number longer instead of switching as much","blue",6,2,7,5,1,8,6,8,4,6,"Moderate Disagreement","Moderate Disagreement","Moderate Agreement","Slight Agreement","Strong Agreement","Moderate Disagreement","Strong Agreement","Moderate Agreement","Moderate Agreement","Slight Agreement","Slight Agreement","Moderate Disagreement","Moderate Disagreement","Slight Agreement","Moderate Disagreement","Strong Agreement","Strong Disagreement","Strong Disagreement",NA
"97554",76554,"ScjmfTA5QGWp",0,1,"parity","switch",6,69,955.775000002235,412826,69,1,"purple","54","male",NA,"the purple one","the purple one was easier, it stayed with a colored number longer instead of switching as much","blue",6,2,7,5,1,8,6,8,4,6,"Moderate Disagreement","Moderate Disagreement","Moderate Agreement","Slight Agreement","Strong Agreement","Moderate Disagreement","Strong Agreement","Moderate Agreement","Moderate Agreement","Slight Agreement","Slight Agreement","Moderate Disagreement","Moderate Disagreement","Slight Agreement","Moderate Disagreement","Strong Agreement","Strong Disagreement","Strong Disagreement",NA
"97555",76555,"ScjmfTA5QGWp",0,1,"magnitude","switch",6,73,1114.38500000082,414442,73,1,"purple","54","male",NA,"the purple one","the purple one was easier, it stayed with a colored number longer instead of switching as much","blue",6,2,7,5,1,8,6,8,4,6,"Moderate Disagreement","Moderate Disagreement","Moderate Agreement","Slight Agreement","Strong Agreement","Moderate Disagreement","Strong Agreement","Moderate Agreement","Moderate Agreement","Slight Agreement","Slight Agreement","Moderate Disagreement","Moderate Disagreement","Slight Agreement","Moderate Disagreement","Strong Agreement","Strong Disagreement","Strong Disagreement",NA
"97556",76556,"ScjmfTA5QGWp",0,1,"parity","switch",4,69,1147.23000000231,416090,69,1,"purple","54","male",NA,"the purple one","the purple one was easier, it stayed with a colored number longer instead of switching as much","blue",6,2,7,5,1,8,6,8,4,6,"Moderate Disagreement","Moderate Disagreement","Moderate Agreement","Slight Agreement","Strong Agreement","Moderate Disagreement","Strong Agreement","Moderate Agreement","Moderate Agreement","Slight Agreement","Slight Agreement","Moderate Disagreement","Moderate Disagreement","Slight Agreement","Moderate Disagreement","Strong Agreement","Strong Disagreement","Strong Disagreement",NA
"97557",76557,"ScjmfTA5QGWp",0,1,"magnitude","switch",2,69,1035.15500000142,417626,69,1,"purple","54","male",NA,"the purple one","the purple one was easier, it stayed with a colored number longer instead of switching as much","blue",6,2,7,5,1,8,6,8,4,6,"Moderate Disagreement","Moderate Disagreement","Moderate Agreement","Slight Agreement","Strong Agreement","Moderate Disagreement","Strong Agreement","Moderate Agreement","Moderate Agreement","Slight Agreement","Slight Agreement","Moderate Disagreement","Moderate Disagreement","Slight Agreement","Moderate Disagreement","Strong Agreement","Strong Disagreement","Strong Disagreement",NA
"97558",76558,"ScjmfTA5QGWp",0,1,"parity","switch",9,73,875.159999999625,419002,73,1,"purple","54","male",NA,"the purple one","the purple one was easier, it stayed with a colored number longer instead of switching as much","blue",6,2,7,5,1,8,6,8,4,6,"Moderate Disagreement","Moderate Disagreement","Moderate Agreement","Slight Agreement","Strong Agreement","Moderate Disagreement","Strong Agreement","Moderate Agreement","Moderate Agreement","Slight Agreement","Slight Agreement","Moderate Disagreement","Moderate Disagreement","Slight Agreement","Moderate Disagreement","Strong Agreement","Strong Disagreement","Strong Disagreement",NA
"97559",76559,"ScjmfTA5QGWp",0,1,"magnitude","switch",2,69,922.945000002102,420426,69,1,"purple","54","male",NA,"the purple one","the purple one was easier, it stayed with a colored number longer instead of switching as much","blue",6,2,7,5,1,8,6,8,4,6,"Moderate Disagreement","Moderate Disagreement","Moderate Agreement","Slight Agreement","Strong Agreement","Moderate Disagreement","Strong Agreement","Moderate Agreement","Moderate Agreement","Slight Agreement","Slight Agreement","Moderate Disagreement","Moderate Disagreement","Slight Agreement","Moderate Disagreement","Strong Agreement","Strong Disagreement","Strong Disagreement",NA
"97560",76560,"ScjmfTA5QGWp",0,1,"parity","switch",3,73,1002.91999999899,421930,73,1,"purple","54","male",NA,"the purple one","the purple one was easier, it stayed with a colored number longer instead of switching as much","blue",6,2,7,5,1,8,6,8,4,6,"Moderate Disagreement","Moderate Disagreement","Moderate Agreement","Slight Agreement","Strong Agreement","Moderate Disagreement","Strong Agreement","Moderate Agreement","Moderate Agreement","Slight Agreement","Slight Agreement","Moderate Disagreement","Moderate Disagreement","Slight Agreement","Moderate Disagreement","Strong Agreement","Strong Disagreement","Strong Disagreement",NA
"97561",76561,"ScjmfTA5QGWp",0,1,"magnitude","switch",1,69,1242.96500000125,423674,69,1,"purple","54","male",NA,"the purple one","the purple one was easier, it stayed with a colored number longer instead of switching as much","blue",6,2,7,5,1,8,6,8,4,6,"Moderate Disagreement","Moderate Disagreement","Moderate Agreement","Slight Agreement","Strong Agreement","Moderate Disagreement","Strong Agreement","Moderate Agreement","Moderate Agreement","Slight Agreement","Slight Agreement","Moderate Disagreement","Moderate Disagreement","Slight Agreement","Moderate Disagreement","Strong Agreement","Strong Disagreement","Strong Disagreement",NA
"97562",76562,"ScjmfTA5QGWp",0,1,"parity","switch",2,69,1050.7799999977,425226,69,1,"purple","54","male",NA,"the purple one","the purple one was easier, it stayed with a colored number longer instead of switching as much","blue",6,2,7,5,1,8,6,8,4,6,"Moderate Disagreement","Moderate Disagreement","Moderate Agreement","Slight Agreement","Strong Agreement","Moderate Disagreement","Strong Agreement","Moderate Agreement","Moderate Agreement","Slight Agreement","Slight Agreement","Moderate Disagreement","Moderate Disagreement","Slight Agreement","Moderate Disagreement","Strong Agreement","Strong Disagreement","Strong Disagreement",NA
"97563",76563,"ScjmfTA5QGWp",0,1,"magnitude","switch",4,69,762.675000001793,426490,69,1,"purple","54","male",NA,"the purple one","the purple one was easier, it stayed with a colored number longer instead of switching as much","blue",6,2,7,5,1,8,6,8,4,6,"Moderate Disagreement","Moderate Disagreement","Moderate Agreement","Slight Agreement","Strong Agreement","Moderate Disagreement","Strong Agreement","Moderate Agreement","Moderate Agreement","Slight Agreement","Slight Agreement","Moderate Disagreement","Moderate Disagreement","Slight Agreement","Moderate Disagreement","Strong Agreement","Strong Disagreement","Strong Disagreement",NA
"97564",76564,"ScjmfTA5QGWp",0,1,"parity","switch",8,73,1114.63999999978,428106,69,0,"purple","54","male",NA,"the purple one","the purple one was easier, it stayed with a colored number longer instead of switching as much","blue",6,2,7,5,1,8,6,8,4,6,"Moderate Disagreement","Moderate Disagreement","Moderate Agreement","Slight Agreement","Strong Agreement","Moderate Disagreement","Strong Agreement","Moderate Agreement","Moderate Agreement","Slight Agreement","Slight Agreement","Moderate Disagreement","Moderate Disagreement","Slight Agreement","Moderate Disagreement","Strong Agreement","Strong Disagreement","Strong Disagreement",NA
"97565",76565,"ScjmfTA5QGWp",0,1,"magnitude","switch",4,69,1098.66499999771,429706,69,1,"purple","54","male",NA,"the purple one","the purple one was easier, it stayed with a colored number longer instead of switching as much","blue",6,2,7,5,1,8,6,8,4,6,"Moderate Disagreement","Moderate Disagreement","Moderate Agreement","Slight Agreement","Strong Agreement","Moderate Disagreement","Strong Agreement","Moderate Agreement","Moderate Agreement","Slight Agreement","Slight Agreement","Moderate Disagreement","Moderate Disagreement","Slight Agreement","Moderate Disagreement","Strong Agreement","Strong Disagreement","Strong Disagreement",NA
"97566",76566,"ScjmfTA5QGWp",0,1,"magnitude","repeat",4,69,1098.62000000069,431306,69,1,"purple","54","male",NA,"the purple one","the purple one was easier, it stayed with a colored number longer instead of switching as much","blue",6,2,7,5,1,8,6,8,4,6,"Moderate Disagreement","Moderate Disagreement","Moderate Agreement","Slight Agreement","Strong Agreement","Moderate Disagreement","Strong Agreement","Moderate Agreement","Moderate Agreement","Slight Agreement","Slight Agreement","Moderate Disagreement","Moderate Disagreement","Slight Agreement","Moderate Disagreement","Strong Agreement","Strong Disagreement","Strong Disagreement",NA
"97567",76567,"ScjmfTA5QGWp",0,1,"parity","switch",3,73,1002.38500000344,432810,73,1,"purple","54","male",NA,"the purple one","the purple one was easier, it stayed with a colored number longer instead of switching as much","blue",6,2,7,5,1,8,6,8,4,6,"Moderate Disagreement","Moderate Disagreement","Moderate Agreement","Slight Agreement","Strong Agreement","Moderate Disagreement","Strong Agreement","Moderate Agreement","Moderate Agreement","Slight Agreement","Slight Agreement","Moderate Disagreement","Moderate Disagreement","Slight Agreement","Moderate Disagreement","Strong Agreement","Strong Disagreement","Strong Disagreement",NA
"97568",76568,"ScjmfTA5QGWp",0,1,"magnitude","switch",1,69,940.934999998659,434252,69,1,"purple","54","male",NA,"the purple one","the purple one was easier, it stayed with a colored number longer instead of switching as much","blue",6,2,7,5,1,8,6,8,4,6,"Moderate Disagreement","Moderate Disagreement","Moderate Agreement","Slight Agreement","Strong Agreement","Moderate Disagreement","Strong Agreement","Moderate Agreement","Moderate Agreement","Slight Agreement","Slight Agreement","Moderate Disagreement","Moderate Disagreement","Slight Agreement","Moderate Disagreement","Strong Agreement","Strong Disagreement","Strong Disagreement",NA
"97569",76569,"ScjmfTA5QGWp",0,1,"parity","switch",2,69,905.16000000207,435658,69,1,"purple","54","male",NA,"the purple one","the purple one was easier, it stayed with a colored number longer instead of switching as much","blue",6,2,7,5,1,8,6,8,4,6,"Moderate Disagreement","Moderate Disagreement","Moderate Agreement","Slight Agreement","Strong Agreement","Moderate Disagreement","Strong Agreement","Moderate Agreement","Moderate Agreement","Slight Agreement","Slight Agreement","Moderate Disagreement","Moderate Disagreement","Slight Agreement","Moderate Disagreement","Strong Agreement","Strong Disagreement","Strong Disagreement",NA
"97570",76570,"ScjmfTA5QGWp",0,1,"magnitude","switch",8,73,827.05999999959,436986,73,1,"purple","54","male",NA,"the purple one","the purple one was easier, it stayed with a colored number longer instead of switching as much","blue",6,2,7,5,1,8,6,8,4,6,"Moderate Disagreement","Moderate Disagreement","Moderate Agreement","Slight Agreement","Strong Agreement","Moderate Disagreement","Strong Agreement","Moderate Agreement","Moderate Agreement","Slight Agreement","Slight Agreement","Moderate Disagreement","Moderate Disagreement","Slight Agreement","Moderate Disagreement","Strong Agreement","Strong Disagreement","Strong Disagreement",NA
"97571",76571,"ScjmfTA5QGWp",0,1,"parity","switch",6,69,954.880000001169,438442,69,1,"purple","54","male",NA,"the purple one","the purple one was easier, it stayed with a colored number longer instead of switching as much","blue",6,2,7,5,1,8,6,8,4,6,"Moderate Disagreement","Moderate Disagreement","Moderate Agreement","Slight Agreement","Strong Agreement","Moderate Disagreement","Strong Agreement","Moderate Agreement","Moderate Agreement","Slight Agreement","Slight Agreement","Moderate Disagreement","Moderate Disagreement","Slight Agreement","Moderate Disagreement","Strong Agreement","Strong Disagreement","Strong Disagreement",NA
"97572",76572,"ScjmfTA5QGWp",0,1,"magnitude","switch",3,69,746.859999999288,439690,69,1,"purple","54","male",NA,"the purple one","the purple one was easier, it stayed with a colored number longer instead of switching as much","blue",6,2,7,5,1,8,6,8,4,6,"Moderate Disagreement","Moderate Disagreement","Moderate Agreement","Slight Agreement","Strong Agreement","Moderate Disagreement","Strong Agreement","Moderate Agreement","Moderate Agreement","Slight Agreement","Slight Agreement","Moderate Disagreement","Moderate Disagreement","Slight Agreement","Moderate Disagreement","Strong Agreement","Strong Disagreement","Strong Disagreement",NA
"97573",76573,"ScjmfTA5QGWp",0,1,"parity","switch",9,73,746.845000001485,440938,73,1,"purple","54","male",NA,"the purple one","the purple one was easier, it stayed with a colored number longer instead of switching as much","blue",6,2,7,5,1,8,6,8,4,6,"Moderate Disagreement","Moderate Disagreement","Moderate Agreement","Slight Agreement","Strong Agreement","Moderate Disagreement","Strong Agreement","Moderate Agreement","Moderate Agreement","Slight Agreement","Slight Agreement","Moderate Disagreement","Moderate Disagreement","Slight Agreement","Moderate Disagreement","Strong Agreement","Strong Disagreement","Strong Disagreement",NA
"97574",76574,"ScjmfTA5QGWp",0,1,"magnitude","switch",2,69,730.915000000095,442170,69,1,"purple","54","male",NA,"the purple one","the purple one was easier, it stayed with a colored number longer instead of switching as much","blue",6,2,7,5,1,8,6,8,4,6,"Moderate Disagreement","Moderate Disagreement","Moderate Agreement","Slight Agreement","Strong Agreement","Moderate Disagreement","Strong Agreement","Moderate Agreement","Moderate Agreement","Slight Agreement","Slight Agreement","Moderate Disagreement","Moderate Disagreement","Slight Agreement","Moderate Disagreement","Strong Agreement","Strong Disagreement","Strong Disagreement",NA
"97575",76575,"ScjmfTA5QGWp",0,1,"parity","switch",2,69,1546.67999999947,444218,69,1,"purple","54","male",NA,"the purple one","the purple one was easier, it stayed with a colored number longer instead of switching as much","blue",6,2,7,5,1,8,6,8,4,6,"Moderate Disagreement","Moderate Disagreement","Moderate Agreement","Slight Agreement","Strong Agreement","Moderate Disagreement","Strong Agreement","Moderate Agreement","Moderate Agreement","Slight Agreement","Slight Agreement","Moderate Disagreement","Moderate Disagreement","Slight Agreement","Moderate Disagreement","Strong Agreement","Strong Disagreement","Strong Disagreement",NA
"97576",76576,"ScjmfTA5QGWp",0,2,"parity",NA,1,73,1369.97999999946,456138,73,1,"purple","54","male",NA,"the purple one","the purple one was easier, it stayed with a colored number longer instead of switching as much","blue",6,2,7,5,1,8,6,8,4,6,"Moderate Disagreement","Moderate Disagreement","Moderate Agreement","Slight Agreement","Strong Agreement","Moderate Disagreement","Strong Agreement","Moderate Agreement","Moderate Agreement","Slight Agreement","Slight Agreement","Moderate Disagreement","Moderate Disagreement","Slight Agreement","Moderate Disagreement","Strong Agreement","Strong Disagreement","Strong Disagreement",NA
"97577",76577,"ScjmfTA5QGWp",0,2,"parity","repeat",2,69,1226.86500000051,457866,69,1,"purple","54","male",NA,"the purple one","the purple one was easier, it stayed with a colored number longer instead of switching as much","blue",6,2,7,5,1,8,6,8,4,6,"Moderate Disagreement","Moderate Disagreement","Moderate Agreement","Slight Agreement","Strong Agreement","Moderate Disagreement","Strong Agreement","Moderate Agreement","Moderate Agreement","Slight Agreement","Slight Agreement","Moderate Disagreement","Moderate Disagreement","Slight Agreement","Moderate Disagreement","Strong Agreement","Strong Disagreement","Strong Disagreement",NA
"97578",76578,"ScjmfTA5QGWp",0,2,"parity","repeat",8,69,2170.78000000038,460538,69,1,"purple","54","male",NA,"the purple one","the purple one was easier, it stayed with a colored number longer instead of switching as much","blue",6,2,7,5,1,8,6,8,4,6,"Moderate Disagreement","Moderate Disagreement","Moderate Agreement","Slight Agreement","Strong Agreement","Moderate Disagreement","Strong Agreement","Moderate Agreement","Moderate Agreement","Slight Agreement","Slight Agreement","Moderate Disagreement","Moderate Disagreement","Slight Agreement","Moderate Disagreement","Strong Agreement","Strong Disagreement","Strong Disagreement",NA
"97579",76579,"ScjmfTA5QGWp",0,2,"parity","repeat",4,69,730.729999999283,461770,69,1,"purple","54","male",NA,"the purple one","the purple one was easier, it stayed with a colored number longer instead of switching as much","blue",6,2,7,5,1,8,6,8,4,6,"Moderate Disagreement","Moderate Disagreement","Moderate Agreement","Slight Agreement","Strong Agreement","Moderate Disagreement","Strong Agreement","Moderate Agreement","Moderate Agreement","Slight Agreement","Slight Agreement","Moderate Disagreement","Moderate Disagreement","Slight Agreement","Moderate Disagreement","Strong Agreement","Strong Disagreement","Strong Disagreement",NA
"97580",76580,"ScjmfTA5QGWp",0,2,"magnitude","switch",6,73,794.794999998005,463066,73,1,"purple","54","male",NA,"the purple one","the purple one was easier, it stayed with a colored number longer instead of switching as much","blue",6,2,7,5,1,8,6,8,4,6,"Moderate Disagreement","Moderate Disagreement","Moderate Agreement","Slight Agreement","Strong Agreement","Moderate Disagreement","Strong Agreement","Moderate Agreement","Moderate Agreement","Slight Agreement","Slight Agreement","Moderate Disagreement","Moderate Disagreement","Slight Agreement","Moderate Disagreement","Strong Agreement","Strong Disagreement","Strong Disagreement",NA
"97581",76581,"ScjmfTA5QGWp",0,2,"magnitude","repeat",2,69,795.010000001639,464362,69,1,"purple","54","male",NA,"the purple one","the purple one was easier, it stayed with a colored number longer instead of switching as much","blue",6,2,7,5,1,8,6,8,4,6,"Moderate Disagreement","Moderate Disagreement","Moderate Agreement","Slight Agreement","Strong Agreement","Moderate Disagreement","Strong Agreement","Moderate Agreement","Moderate Agreement","Slight Agreement","Slight Agreement","Moderate Disagreement","Moderate Disagreement","Slight Agreement","Moderate Disagreement","Strong Agreement","Strong Disagreement","Strong Disagreement",NA
"97582",76582,"ScjmfTA5QGWp",0,2,"magnitude","repeat",2,69,650.46500000247,465514,69,1,"purple","54","male",NA,"the purple one","the purple one was easier, it stayed with a colored number longer instead of switching as much","blue",6,2,7,5,1,8,6,8,4,6,"Moderate Disagreement","Moderate Disagreement","Moderate Agreement","Slight Agreement","Strong Agreement","Moderate Disagreement","Strong Agreement","Moderate Agreement","Moderate Agreement","Slight Agreement","Slight Agreement","Moderate Disagreement","Moderate Disagreement","Slight Agreement","Moderate Disagreement","Strong Agreement","Strong Disagreement","Strong Disagreement",NA
"97583",76583,"ScjmfTA5QGWp",0,2,"magnitude","repeat",7,73,668.424999999814,466683,73,1,"purple","54","male",NA,"the purple one","the purple one was easier, it stayed with a colored number longer instead of switching as much","blue",6,2,7,5,1,8,6,8,4,6,"Moderate Disagreement","Moderate Disagreement","Moderate Agreement","Slight Agreement","Strong Agreement","Moderate Disagreement","Strong Agreement","Moderate Agreement","Moderate Agreement","Slight Agreement","Slight Agreement","Moderate Disagreement","Moderate Disagreement","Slight Agreement","Moderate Disagreement","Strong Agreement","Strong Disagreement","Strong Disagreement",NA
"97584",76584,"ScjmfTA5QGWp",0,2,"magnitude","repeat",8,73,1258.35500000173,468442,73,1,"purple","54","male",NA,"the purple one","the purple one was easier, it stayed with a colored number longer instead of switching as much","blue",6,2,7,5,1,8,6,8,4,6,"Moderate Disagreement","Moderate Disagreement","Moderate Agreement","Slight Agreement","Strong Agreement","Moderate Disagreement","Strong Agreement","Moderate Agreement","Moderate Agreement","Slight Agreement","Slight Agreement","Moderate Disagreement","Moderate Disagreement","Slight Agreement","Moderate Disagreement","Strong Agreement","Strong Disagreement","Strong Disagreement",NA
"97585",76585,"ScjmfTA5QGWp",0,2,"magnitude","repeat",2,69,1211.2300000008,470154,69,1,"purple","54","male",NA,"the purple one","the purple one was easier, it stayed with a colored number longer instead of switching as much","blue",6,2,7,5,1,8,6,8,4,6,"Moderate Disagreement","Moderate Disagreement","Moderate Agreement","Slight Agreement","Strong Agreement","Moderate Disagreement","Strong Agreement","Moderate Agreement","Moderate Agreement","Slight Agreement","Slight Agreement","Moderate Disagreement","Moderate Disagreement","Slight Agreement","Moderate Disagreement","Strong Agreement","Strong Disagreement","Strong Disagreement",NA
"97586",76586,"ScjmfTA5QGWp",0,2,"magnitude","repeat",3,69,619.00500000047,471274,69,1,"purple","54","male",NA,"the purple one","the purple one was easier, it stayed with a colored number longer instead of switching as much","blue",6,2,7,5,1,8,6,8,4,6,"Moderate Disagreement","Moderate Disagreement","Moderate Agreement","Slight Agreement","Strong Agreement","Moderate Disagreement","Strong Agreement","Moderate Agreement","Moderate Agreement","Slight Agreement","Slight Agreement","Moderate Disagreement","Moderate Disagreement","Slight Agreement","Moderate Disagreement","Strong Agreement","Strong Disagreement","Strong Disagreement",NA
"97587",76587,"ScjmfTA5QGWp",0,2,"magnitude","repeat",1,69,618.959999999846,472394,69,1,"purple","54","male",NA,"the purple one","the purple one was easier, it stayed with a colored number longer instead of switching as much","blue",6,2,7,5,1,8,6,8,4,6,"Moderate Disagreement","Moderate Disagreement","Moderate Agreement","Slight Agreement","Strong Agreement","Moderate Disagreement","Strong Agreement","Moderate Agreement","Moderate Agreement","Slight Agreement","Slight Agreement","Moderate Disagreement","Moderate Disagreement","Slight Agreement","Moderate Disagreement","Strong Agreement","Strong Disagreement","Strong Disagreement",NA
"97588",76588,"ScjmfTA5QGWp",0,2,"magnitude","repeat",6,73,1259.07000000007,474154,73,1,"purple","54","male",NA,"the purple one","the purple one was easier, it stayed with a colored number longer instead of switching as much","blue",6,2,7,5,1,8,6,8,4,6,"Moderate Disagreement","Moderate Disagreement","Moderate Agreement","Slight Agreement","Strong Agreement","Moderate Disagreement","Strong Agreement","Moderate Agreement","Moderate Agreement","Slight Agreement","Slight Agreement","Moderate Disagreement","Moderate Disagreement","Slight Agreement","Moderate Disagreement","Strong Agreement","Strong Disagreement","Strong Disagreement",NA
"97589",76589,"ScjmfTA5QGWp",0,2,"magnitude","repeat",3,69,795.054999998654,475450,69,1,"purple","54","male",NA,"the purple one","the purple one was easier, it stayed with a colored number longer instead of switching as much","blue",6,2,7,5,1,8,6,8,4,6,"Moderate Disagreement","Moderate Disagreement","Moderate Agreement","Slight Agreement","Strong Agreement","Moderate Disagreement","Strong Agreement","Moderate Agreement","Moderate Agreement","Slight Agreement","Slight Agreement","Moderate Disagreement","Moderate Disagreement","Slight Agreement","Moderate Disagreement","Strong Agreement","Strong Disagreement","Strong Disagreement",NA
"97590",76590,"ScjmfTA5QGWp",0,2,"magnitude","repeat",3,69,570.724999997765,476522,69,1,"purple","54","male",NA,"the purple one","the purple one was easier, it stayed with a colored number longer instead of switching as much","blue",6,2,7,5,1,8,6,8,4,6,"Moderate Disagreement","Moderate Disagreement","Moderate Agreement","Slight Agreement","Strong Agreement","Moderate Disagreement","Strong Agreement","Moderate Agreement","Moderate Agreement","Slight Agreement","Slight Agreement","Moderate Disagreement","Moderate Disagreement","Slight Agreement","Moderate Disagreement","Strong Agreement","Strong Disagreement","Strong Disagreement",NA
"97591",76591,"ScjmfTA5QGWp",0,2,"magnitude","repeat",2,69,859.424999998766,477882,69,1,"purple","54","male",NA,"the purple one","the purple one was easier, it stayed with a colored number longer instead of switching as much","blue",6,2,7,5,1,8,6,8,4,6,"Moderate Disagreement","Moderate Disagreement","Moderate Agreement","Slight Agreement","Strong Agreement","Moderate Disagreement","Strong Agreement","Moderate Agreement","Moderate Agreement","Slight Agreement","Slight Agreement","Moderate Disagreement","Moderate Disagreement","Slight Agreement","Moderate Disagreement","Strong Agreement","Strong Disagreement","Strong Disagreement",NA
"97592",76592,"ScjmfTA5QGWp",0,2,"magnitude","repeat",6,73,746.670000000508,479130,73,1,"purple","54","male",NA,"the purple one","the purple one was easier, it stayed with a colored number longer instead of switching as much","blue",6,2,7,5,1,8,6,8,4,6,"Moderate Disagreement","Moderate Disagreement","Moderate Agreement","Slight Agreement","Strong Agreement","Moderate Disagreement","Strong Agreement","Moderate Agreement","Moderate Agreement","Slight Agreement","Slight Agreement","Moderate Disagreement","Moderate Disagreement","Slight Agreement","Moderate Disagreement","Strong Agreement","Strong Disagreement","Strong Disagreement",NA
"97593",76593,"ScjmfTA5QGWp",0,2,"parity","switch",7,73,810.59500000265,480442,73,1,"purple","54","male",NA,"the purple one","the purple one was easier, it stayed with a colored number longer instead of switching as much","blue",6,2,7,5,1,8,6,8,4,6,"Moderate Disagreement","Moderate Disagreement","Moderate Agreement","Slight Agreement","Strong Agreement","Moderate Disagreement","Strong Agreement","Moderate Agreement","Moderate Agreement","Slight Agreement","Slight Agreement","Moderate Disagreement","Moderate Disagreement","Slight Agreement","Moderate Disagreement","Strong Agreement","Strong Disagreement","Strong Disagreement",NA
"97594",76594,"ScjmfTA5QGWp",0,2,"parity","repeat",7,73,827.89000000048,481770,73,1,"purple","54","male",NA,"the purple one","the purple one was easier, it stayed with a colored number longer instead of switching as much","blue",6,2,7,5,1,8,6,8,4,6,"Moderate Disagreement","Moderate Disagreement","Moderate Agreement","Slight Agreement","Strong Agreement","Moderate Disagreement","Strong Agreement","Moderate Agreement","Moderate Agreement","Slight Agreement","Slight Agreement","Moderate Disagreement","Moderate Disagreement","Slight Agreement","Moderate Disagreement","Strong Agreement","Strong Disagreement","Strong Disagreement",NA
"97595",76595,"ScjmfTA5QGWp",0,2,"parity","repeat",4,69,746.465000000142,483018,69,1,"purple","54","male",NA,"the purple one","the purple one was easier, it stayed with a colored number longer instead of switching as much","blue",6,2,7,5,1,8,6,8,4,6,"Moderate Disagreement","Moderate Disagreement","Moderate Agreement","Slight Agreement","Strong Agreement","Moderate Disagreement","Strong Agreement","Moderate Agreement","Moderate Agreement","Slight Agreement","Slight Agreement","Moderate Disagreement","Moderate Disagreement","Slight Agreement","Moderate Disagreement","Strong Agreement","Strong Disagreement","Strong Disagreement",NA
"97596",76596,"ScjmfTA5QGWp",0,2,"parity","repeat",1,73,763.869999998831,484282,73,1,"purple","54","male",NA,"the purple one","the purple one was easier, it stayed with a colored number longer instead of switching as much","blue",6,2,7,5,1,8,6,8,4,6,"Moderate Disagreement","Moderate Disagreement","Moderate Agreement","Slight Agreement","Strong Agreement","Moderate Disagreement","Strong Agreement","Moderate Agreement","Moderate Agreement","Slight Agreement","Slight Agreement","Moderate Disagreement","Moderate Disagreement","Slight Agreement","Moderate Disagreement","Strong Agreement","Strong Disagreement","Strong Disagreement",NA
"97597",76597,"ScjmfTA5QGWp",0,2,"parity","repeat",1,73,554.345000000438,485338,73,1,"purple","54","male",NA,"the purple one","the purple one was easier, it stayed with a colored number longer instead of switching as much","blue",6,2,7,5,1,8,6,8,4,6,"Moderate Disagreement","Moderate Disagreement","Moderate Agreement","Slight Agreement","Strong Agreement","Moderate Disagreement","Strong Agreement","Moderate Agreement","Moderate Agreement","Slight Agreement","Slight Agreement","Moderate Disagreement","Moderate Disagreement","Slight Agreement","Moderate Disagreement","Strong Agreement","Strong Disagreement","Strong Disagreement",NA
"97598",76598,"ScjmfTA5QGWp",0,2,"parity","repeat",6,69,971.62499999837,486810,69,1,"purple","54","male",NA,"the purple one","the purple one was easier, it stayed with a colored number longer instead of switching as much","blue",6,2,7,5,1,8,6,8,4,6,"Moderate Disagreement","Moderate Disagreement","Moderate Agreement","Slight Agreement","Strong Agreement","Moderate Disagreement","Strong Agreement","Moderate Agreement","Moderate Agreement","Slight Agreement","Slight Agreement","Moderate Disagreement","Moderate Disagreement","Slight Agreement","Moderate Disagreement","Strong Agreement","Strong Disagreement","Strong Disagreement",NA
"97599",76599,"ScjmfTA5QGWp",0,2,"parity","repeat",8,69,650.190000000293,487962,69,1,"purple","54","male",NA,"the purple one","the purple one was easier, it stayed with a colored number longer instead of switching as much","blue",6,2,7,5,1,8,6,8,4,6,"Moderate Disagreement","Moderate Disagreement","Moderate Agreement","Slight Agreement","Strong Agreement","Moderate Disagreement","Strong Agreement","Moderate Agreement","Moderate Agreement","Slight Agreement","Slight Agreement","Moderate Disagreement","Moderate Disagreement","Slight Agreement","Moderate Disagreement","Strong Agreement","Strong Disagreement","Strong Disagreement",NA
"97600",76600,"ScjmfTA5QGWp",0,2,"parity","repeat",7,73,779.074999998556,489242,73,1,"purple","54","male",NA,"the purple one","the purple one was easier, it stayed with a colored number longer instead of switching as much","blue",6,2,7,5,1,8,6,8,4,6,"Moderate Disagreement","Moderate Disagreement","Moderate Agreement","Slight Agreement","Strong Agreement","Moderate Disagreement","Strong Agreement","Moderate Agreement","Moderate Agreement","Slight Agreement","Slight Agreement","Moderate Disagreement","Moderate Disagreement","Slight Agreement","Moderate Disagreement","Strong Agreement","Strong Disagreement","Strong Disagreement",NA
"97601",76601,"ScjmfTA5QGWp",0,2,"parity","repeat",2,69,762.999999998952,490506,69,1,"purple","54","male",NA,"the purple one","the purple one was easier, it stayed with a colored number longer instead of switching as much","blue",6,2,7,5,1,8,6,8,4,6,"Moderate Disagreement","Moderate Disagreement","Moderate Agreement","Slight Agreement","Strong Agreement","Moderate Disagreement","Strong Agreement","Moderate Agreement","Moderate Agreement","Slight Agreement","Slight Agreement","Moderate Disagreement","Moderate Disagreement","Slight Agreement","Moderate Disagreement","Strong Agreement","Strong Disagreement","Strong Disagreement",NA
"97602",76602,"ScjmfTA5QGWp",0,2,"parity","repeat",9,73,843.115000003309,491850,73,1,"purple","54","male",NA,"the purple one","the purple one was easier, it stayed with a colored number longer instead of switching as much","blue",6,2,7,5,1,8,6,8,4,6,"Moderate Disagreement","Moderate Disagreement","Moderate Agreement","Slight Agreement","Strong Agreement","Moderate Disagreement","Strong Agreement","Moderate Agreement","Moderate Agreement","Slight Agreement","Slight Agreement","Moderate Disagreement","Moderate Disagreement","Slight Agreement","Moderate Disagreement","Strong Agreement","Strong Disagreement","Strong Disagreement",NA
"97603",76603,"ScjmfTA5QGWp",0,2,"parity","repeat",6,69,746.950000000652,493098,69,1,"purple","54","male",NA,"the purple one","the purple one was easier, it stayed with a colored number longer instead of switching as much","blue",6,2,7,5,1,8,6,8,4,6,"Moderate Disagreement","Moderate Disagreement","Moderate Agreement","Slight Agreement","Strong Agreement","Moderate Disagreement","Strong Agreement","Moderate Agreement","Moderate Agreement","Slight Agreement","Slight Agreement","Moderate Disagreement","Moderate Disagreement","Slight Agreement","Moderate Disagreement","Strong Agreement","Strong Disagreement","Strong Disagreement",NA
"97604",76604,"ScjmfTA5QGWp",0,2,"parity","repeat",3,73,874.735000001208,494474,73,1,"purple","54","male",NA,"the purple one","the purple one was easier, it stayed with a colored number longer instead of switching as much","blue",6,2,7,5,1,8,6,8,4,6,"Moderate Disagreement","Moderate Disagreement","Moderate Agreement","Slight Agreement","Strong Agreement","Moderate Disagreement","Strong Agreement","Moderate Agreement","Moderate Agreement","Slight Agreement","Slight Agreement","Moderate Disagreement","Moderate Disagreement","Slight Agreement","Moderate Disagreement","Strong Agreement","Strong Disagreement","Strong Disagreement",NA
"97605",76605,"ScjmfTA5QGWp",0,2,"parity","repeat",6,69,746.699999999721,495722,69,1,"purple","54","male",NA,"the purple one","the purple one was easier, it stayed with a colored number longer instead of switching as much","blue",6,2,7,5,1,8,6,8,4,6,"Moderate Disagreement","Moderate Disagreement","Moderate Agreement","Slight Agreement","Strong Agreement","Moderate Disagreement","Strong Agreement","Moderate Agreement","Moderate Agreement","Slight Agreement","Slight Agreement","Moderate Disagreement","Moderate Disagreement","Slight Agreement","Moderate Disagreement","Strong Agreement","Strong Disagreement","Strong Disagreement",NA
"97606",76606,"ScjmfTA5QGWp",0,2,"parity","repeat",4,69,954.934999997902,497178,69,1,"purple","54","male",NA,"the purple one","the purple one was easier, it stayed with a colored number longer instead of switching as much","blue",6,2,7,5,1,8,6,8,4,6,"Moderate Disagreement","Moderate Disagreement","Moderate Agreement","Slight Agreement","Strong Agreement","Moderate Disagreement","Strong Agreement","Moderate Agreement","Moderate Agreement","Slight Agreement","Slight Agreement","Moderate Disagreement","Moderate Disagreement","Slight Agreement","Moderate Disagreement","Strong Agreement","Strong Disagreement","Strong Disagreement",NA
"97607",76607,"ScjmfTA5QGWp",0,2,"parity","repeat",7,73,730.415000001783,498410,73,1,"purple","54","male",NA,"the purple one","the purple one was easier, it stayed with a colored number longer instead of switching as much","blue",6,2,7,5,1,8,6,8,4,6,"Moderate Disagreement","Moderate Disagreement","Moderate Agreement","Slight Agreement","Strong Agreement","Moderate Disagreement","Strong Agreement","Moderate Agreement","Moderate Agreement","Slight Agreement","Slight Agreement","Moderate Disagreement","Moderate Disagreement","Slight Agreement","Moderate Disagreement","Strong Agreement","Strong Disagreement","Strong Disagreement",NA
"97608",76608,"ScjmfTA5QGWp",0,2,"parity","repeat",6,69,763.484999999462,499674,69,1,"purple","54","male",NA,"the purple one","the purple one was easier, it stayed with a colored number longer instead of switching as much","blue",6,2,7,5,1,8,6,8,4,6,"Moderate Disagreement","Moderate Disagreement","Moderate Agreement","Slight Agreement","Strong Agreement","Moderate Disagreement","Strong Agreement","Moderate Agreement","Moderate Agreement","Slight Agreement","Slight Agreement","Moderate Disagreement","Moderate Disagreement","Slight Agreement","Moderate Disagreement","Strong Agreement","Strong Disagreement","Strong Disagreement",NA
"97609",76609,"ScjmfTA5QGWp",0,2,"parity","repeat",3,73,2459.37000000046,502634,73,1,"purple","54","male",NA,"the purple one","the purple one was easier, it stayed with a colored number longer instead of switching as much","blue",6,2,7,5,1,8,6,8,4,6,"Moderate Disagreement","Moderate Disagreement","Moderate Agreement","Slight Agreement","Strong Agreement","Moderate Disagreement","Strong Agreement","Moderate Agreement","Moderate Agreement","Slight Agreement","Slight Agreement","Moderate Disagreement","Moderate Disagreement","Slight Agreement","Moderate Disagreement","Strong Agreement","Strong Disagreement","Strong Disagreement",NA
"97610",76610,"ScjmfTA5QGWp",0,2,"parity","repeat",2,69,1115.26999999845,504250,69,1,"purple","54","male",NA,"the purple one","the purple one was easier, it stayed with a colored number longer instead of switching as much","blue",6,2,7,5,1,8,6,8,4,6,"Moderate Disagreement","Moderate Disagreement","Moderate Agreement","Slight Agreement","Strong Agreement","Moderate Disagreement","Strong Agreement","Moderate Agreement","Moderate Agreement","Slight Agreement","Slight Agreement","Moderate Disagreement","Moderate Disagreement","Slight Agreement","Moderate Disagreement","Strong Agreement","Strong Disagreement","Strong Disagreement",NA
"97611",76611,"ScjmfTA5QGWp",0,2,"parity","repeat",3,73,1291.17000000045,506042,73,1,"purple","54","male",NA,"the purple one","the purple one was easier, it stayed with a colored number longer instead of switching as much","blue",6,2,7,5,1,8,6,8,4,6,"Moderate Disagreement","Moderate Disagreement","Moderate Agreement","Slight Agreement","Strong Agreement","Moderate Disagreement","Strong Agreement","Moderate Agreement","Moderate Agreement","Slight Agreement","Slight Agreement","Moderate Disagreement","Moderate Disagreement","Slight Agreement","Moderate Disagreement","Strong Agreement","Strong Disagreement","Strong Disagreement",NA
"97612",76612,"ScjmfTA5QGWp",0,2,"magnitude","switch",4,69,1210.34999999753,507754,69,1,"purple","54","male",NA,"the purple one","the purple one was easier, it stayed with a colored number longer instead of switching as much","blue",6,2,7,5,1,8,6,8,4,6,"Moderate Disagreement","Moderate Disagreement","Moderate Agreement","Slight Agreement","Strong Agreement","Moderate Disagreement","Strong Agreement","Moderate Agreement","Moderate Agreement","Slight Agreement","Slight Agreement","Moderate Disagreement","Moderate Disagreement","Slight Agreement","Moderate Disagreement","Strong Agreement","Strong Disagreement","Strong Disagreement",NA
"97613",76613,"ScjmfTA5QGWp",0,2,"magnitude","repeat",3,69,746.975000001839,509002,69,1,"purple","54","male",NA,"the purple one","the purple one was easier, it stayed with a colored number longer instead of switching as much","blue",6,2,7,5,1,8,6,8,4,6,"Moderate Disagreement","Moderate Disagreement","Moderate Agreement","Slight Agreement","Strong Agreement","Moderate Disagreement","Strong Agreement","Moderate Agreement","Moderate Agreement","Slight Agreement","Slight Agreement","Moderate Disagreement","Moderate Disagreement","Slight Agreement","Moderate Disagreement","Strong Agreement","Strong Disagreement","Strong Disagreement",NA
"97614",76614,"ScjmfTA5QGWp",0,2,"magnitude","repeat",9,73,1803.03499999718,511306,73,1,"purple","54","male",NA,"the purple one","the purple one was easier, it stayed with a colored number longer instead of switching as much","blue",6,2,7,5,1,8,6,8,4,6,"Moderate Disagreement","Moderate Disagreement","Moderate Agreement","Slight Agreement","Strong Agreement","Moderate Disagreement","Strong Agreement","Moderate Agreement","Moderate Agreement","Slight Agreement","Slight Agreement","Moderate Disagreement","Moderate Disagreement","Slight Agreement","Moderate Disagreement","Strong Agreement","Strong Disagreement","Strong Disagreement",NA
"97615",76615,"ScjmfTA5QGWp",0,2,"magnitude","repeat",4,69,907.105000002077,512714,69,1,"purple","54","male",NA,"the purple one","the purple one was easier, it stayed with a colored number longer instead of switching as much","blue",6,2,7,5,1,8,6,8,4,6,"Moderate Disagreement","Moderate Disagreement","Moderate Agreement","Slight Agreement","Strong Agreement","Moderate Disagreement","Strong Agreement","Moderate Agreement","Moderate Agreement","Slight Agreement","Slight Agreement","Moderate Disagreement","Moderate Disagreement","Slight Agreement","Moderate Disagreement","Strong Agreement","Strong Disagreement","Strong Disagreement",NA
"97616",76616,"ScjmfTA5QGWp",0,2,"magnitude","repeat",6,73,1482.65999999788,514698,73,1,"purple","54","male",NA,"the purple one","the purple one was easier, it stayed with a colored number longer instead of switching as much","blue",6,2,7,5,1,8,6,8,4,6,"Moderate Disagreement","Moderate Disagreement","Moderate Agreement","Slight Agreement","Strong Agreement","Moderate Disagreement","Strong Agreement","Moderate Agreement","Moderate Agreement","Slight Agreement","Slight Agreement","Moderate Disagreement","Moderate Disagreement","Slight Agreement","Moderate Disagreement","Strong Agreement","Strong Disagreement","Strong Disagreement",NA
"97617",76617,"ScjmfTA5QGWp",0,2,"magnitude","repeat",2,69,731.589999999385,515931,69,1,"purple","54","male",NA,"the purple one","the purple one was easier, it stayed with a colored number longer instead of switching as much","blue",6,2,7,5,1,8,6,8,4,6,"Moderate Disagreement","Moderate Disagreement","Moderate Agreement","Slight Agreement","Strong Agreement","Moderate Disagreement","Strong Agreement","Moderate Agreement","Moderate Agreement","Slight Agreement","Slight Agreement","Moderate Disagreement","Moderate Disagreement","Slight Agreement","Moderate Disagreement","Strong Agreement","Strong Disagreement","Strong Disagreement",NA
"97618",76618,"ScjmfTA5QGWp",0,2,"magnitude","repeat",7,73,2041.76499999815,518474,73,1,"purple","54","male",NA,"the purple one","the purple one was easier, it stayed with a colored number longer instead of switching as much","blue",6,2,7,5,1,8,6,8,4,6,"Moderate Disagreement","Moderate Disagreement","Moderate Agreement","Slight Agreement","Strong Agreement","Moderate Disagreement","Strong Agreement","Moderate Agreement","Moderate Agreement","Slight Agreement","Slight Agreement","Moderate Disagreement","Moderate Disagreement","Slight Agreement","Moderate Disagreement","Strong Agreement","Strong Disagreement","Strong Disagreement",NA
"97619",76619,"ScjmfTA5QGWp",0,2,"magnitude","repeat",9,73,570.345000000088,519546,73,1,"purple","54","male",NA,"the purple one","the purple one was easier, it stayed with a colored number longer instead of switching as much","blue",6,2,7,5,1,8,6,8,4,6,"Moderate Disagreement","Moderate Disagreement","Moderate Agreement","Slight Agreement","Strong Agreement","Moderate Disagreement","Strong Agreement","Moderate Agreement","Moderate Agreement","Slight Agreement","Slight Agreement","Moderate Disagreement","Moderate Disagreement","Slight Agreement","Moderate Disagreement","Strong Agreement","Strong Disagreement","Strong Disagreement",NA
"97620",76620,"ScjmfTA5QGWp",0,2,"magnitude","repeat",9,73,603.245000002033,520650,73,1,"purple","54","male",NA,"the purple one","the purple one was easier, it stayed with a colored number longer instead of switching as much","blue",6,2,7,5,1,8,6,8,4,6,"Moderate Disagreement","Moderate Disagreement","Moderate Agreement","Slight Agreement","Strong Agreement","Moderate Disagreement","Strong Agreement","Moderate Agreement","Moderate Agreement","Slight Agreement","Slight Agreement","Moderate Disagreement","Moderate Disagreement","Slight Agreement","Moderate Disagreement","Strong Agreement","Strong Disagreement","Strong Disagreement",NA
"97621",76621,"ScjmfTA5QGWp",0,2,"magnitude","repeat",8,73,875.215000000084,522026,73,1,"purple","54","male",NA,"the purple one","the purple one was easier, it stayed with a colored number longer instead of switching as much","blue",6,2,7,5,1,8,6,8,4,6,"Moderate Disagreement","Moderate Disagreement","Moderate Agreement","Slight Agreement","Strong Agreement","Moderate Disagreement","Strong Agreement","Moderate Agreement","Moderate Agreement","Slight Agreement","Slight Agreement","Moderate Disagreement","Moderate Disagreement","Slight Agreement","Moderate Disagreement","Strong Agreement","Strong Disagreement","Strong Disagreement",NA
"97622",76622,"ScjmfTA5QGWp",0,2,"magnitude","repeat",2,69,843.045000001439,523370,69,1,"purple","54","male",NA,"the purple one","the purple one was easier, it stayed with a colored number longer instead of switching as much","blue",6,2,7,5,1,8,6,8,4,6,"Moderate Disagreement","Moderate Disagreement","Moderate Agreement","Slight Agreement","Strong Agreement","Moderate Disagreement","Strong Agreement","Moderate Agreement","Moderate Agreement","Slight Agreement","Slight Agreement","Moderate Disagreement","Moderate Disagreement","Slight Agreement","Moderate Disagreement","Strong Agreement","Strong Disagreement","Strong Disagreement",NA
"97623",76623,"ScjmfTA5QGWp",0,2,"magnitude","repeat",8,73,747.100000000559,524618,73,1,"purple","54","male",NA,"the purple one","the purple one was easier, it stayed with a colored number longer instead of switching as much","blue",6,2,7,5,1,8,6,8,4,6,"Moderate Disagreement","Moderate Disagreement","Moderate Agreement","Slight Agreement","Strong Agreement","Moderate Disagreement","Strong Agreement","Moderate Agreement","Moderate Agreement","Slight Agreement","Slight Agreement","Moderate Disagreement","Moderate Disagreement","Slight Agreement","Moderate Disagreement","Strong Agreement","Strong Disagreement","Strong Disagreement",NA
"97624",76624,"ScjmfTA5QGWp",0,2,"magnitude","repeat",9,73,1035.22499999963,526154,73,1,"purple","54","male",NA,"the purple one","the purple one was easier, it stayed with a colored number longer instead of switching as much","blue",6,2,7,5,1,8,6,8,4,6,"Moderate Disagreement","Moderate Disagreement","Moderate Agreement","Slight Agreement","Strong Agreement","Moderate Disagreement","Strong Agreement","Moderate Agreement","Moderate Agreement","Slight Agreement","Slight Agreement","Moderate Disagreement","Moderate Disagreement","Slight Agreement","Moderate Disagreement","Strong Agreement","Strong Disagreement","Strong Disagreement",NA
"97625",76625,"ScjmfTA5QGWp",0,2,"magnitude","repeat",4,69,827.424999999464,527482,69,1,"purple","54","male",NA,"the purple one","the purple one was easier, it stayed with a colored number longer instead of switching as much","blue",6,2,7,5,1,8,6,8,4,6,"Moderate Disagreement","Moderate Disagreement","Moderate Agreement","Slight Agreement","Strong Agreement","Moderate Disagreement","Strong Agreement","Moderate Agreement","Moderate Agreement","Slight Agreement","Slight Agreement","Moderate Disagreement","Moderate Disagreement","Slight Agreement","Moderate Disagreement","Strong Agreement","Strong Disagreement","Strong Disagreement",NA
"97626",76626,"ScjmfTA5QGWp",0,2,"magnitude","repeat",3,69,709.859999999055,528747,69,1,"purple","54","male",NA,"the purple one","the purple one was easier, it stayed with a colored number longer instead of switching as much","blue",6,2,7,5,1,8,6,8,4,6,"Moderate Disagreement","Moderate Disagreement","Moderate Agreement","Slight Agreement","Strong Agreement","Moderate Disagreement","Strong Agreement","Moderate Agreement","Moderate Agreement","Slight Agreement","Slight Agreement","Moderate Disagreement","Moderate Disagreement","Slight Agreement","Moderate Disagreement","Strong Agreement","Strong Disagreement","Strong Disagreement",NA
"97627",76627,"ScjmfTA5QGWp",0,2,"magnitude","repeat",7,73,1080.74499999941,530330,73,1,"purple","54","male",NA,"the purple one","the purple one was easier, it stayed with a colored number longer instead of switching as much","blue",6,2,7,5,1,8,6,8,4,6,"Moderate Disagreement","Moderate Disagreement","Moderate Agreement","Slight Agreement","Strong Agreement","Moderate Disagreement","Strong Agreement","Moderate Agreement","Moderate Agreement","Slight Agreement","Slight Agreement","Moderate Disagreement","Moderate Disagreement","Slight Agreement","Moderate Disagreement","Strong Agreement","Strong Disagreement","Strong Disagreement",NA
"97628",76628,"ScjmfTA5QGWp",0,2,"magnitude","repeat",9,73,602.709999999148,531434,73,1,"purple","54","male",NA,"the purple one","the purple one was easier, it stayed with a colored number longer instead of switching as much","blue",6,2,7,5,1,8,6,8,4,6,"Moderate Disagreement","Moderate Disagreement","Moderate Agreement","Slight Agreement","Strong Agreement","Moderate Disagreement","Strong Agreement","Moderate Agreement","Moderate Agreement","Slight Agreement","Slight Agreement","Moderate Disagreement","Moderate Disagreement","Slight Agreement","Moderate Disagreement","Strong Agreement","Strong Disagreement","Strong Disagreement",NA
"97629",76629,"ScjmfTA5QGWp",0,2,"parity","switch",7,73,1034.61000000243,532970,73,1,"purple","54","male",NA,"the purple one","the purple one was easier, it stayed with a colored number longer instead of switching as much","blue",6,2,7,5,1,8,6,8,4,6,"Moderate Disagreement","Moderate Disagreement","Moderate Agreement","Slight Agreement","Strong Agreement","Moderate Disagreement","Strong Agreement","Moderate Agreement","Moderate Agreement","Slight Agreement","Slight Agreement","Moderate Disagreement","Moderate Disagreement","Slight Agreement","Moderate Disagreement","Strong Agreement","Strong Disagreement","Strong Disagreement",NA
"97630",76630,"ScjmfTA5QGWp",0,2,"magnitude","switch",8,73,986.564999999246,534458,73,1,"purple","54","male",NA,"the purple one","the purple one was easier, it stayed with a colored number longer instead of switching as much","blue",6,2,7,5,1,8,6,8,4,6,"Moderate Disagreement","Moderate Disagreement","Moderate Agreement","Slight Agreement","Strong Agreement","Moderate Disagreement","Strong Agreement","Moderate Agreement","Moderate Agreement","Slight Agreement","Slight Agreement","Moderate Disagreement","Moderate Disagreement","Slight Agreement","Moderate Disagreement","Strong Agreement","Strong Disagreement","Strong Disagreement",NA
"97631",76631,"ScjmfTA5QGWp",0,2,"magnitude","repeat",7,73,1290.75500000175,536250,73,1,"purple","54","male",NA,"the purple one","the purple one was easier, it stayed with a colored number longer instead of switching as much","blue",6,2,7,5,1,8,6,8,4,6,"Moderate Disagreement","Moderate Disagreement","Moderate Agreement","Slight Agreement","Strong Agreement","Moderate Disagreement","Strong Agreement","Moderate Agreement","Moderate Agreement","Slight Agreement","Slight Agreement","Moderate Disagreement","Moderate Disagreement","Slight Agreement","Moderate Disagreement","Strong Agreement","Strong Disagreement","Strong Disagreement",NA
"97632",76632,"ScjmfTA5QGWp",0,2,"magnitude","repeat",1,69,603.279999999329,537353,69,1,"purple","54","male",NA,"the purple one","the purple one was easier, it stayed with a colored number longer instead of switching as much","blue",6,2,7,5,1,8,6,8,4,6,"Moderate Disagreement","Moderate Disagreement","Moderate Agreement","Slight Agreement","Strong Agreement","Moderate Disagreement","Strong Agreement","Moderate Agreement","Moderate Agreement","Slight Agreement","Slight Agreement","Moderate Disagreement","Moderate Disagreement","Slight Agreement","Moderate Disagreement","Strong Agreement","Strong Disagreement","Strong Disagreement",NA
"97633",76633,"ScjmfTA5QGWp",0,2,"magnitude","repeat",6,73,1051.5000000014,538906,73,1,"purple","54","male",NA,"the purple one","the purple one was easier, it stayed with a colored number longer instead of switching as much","blue",6,2,7,5,1,8,6,8,4,6,"Moderate Disagreement","Moderate Disagreement","Moderate Agreement","Slight Agreement","Strong Agreement","Moderate Disagreement","Strong Agreement","Moderate Agreement","Moderate Agreement","Slight Agreement","Slight Agreement","Moderate Disagreement","Moderate Disagreement","Slight Agreement","Moderate Disagreement","Strong Agreement","Strong Disagreement","Strong Disagreement",NA
"97634",76634,"ScjmfTA5QGWp",0,2,"magnitude","repeat",6,73,523.24999999837,539930,73,1,"purple","54","male",NA,"the purple one","the purple one was easier, it stayed with a colored number longer instead of switching as much","blue",6,2,7,5,1,8,6,8,4,6,"Moderate Disagreement","Moderate Disagreement","Moderate Agreement","Slight Agreement","Strong Agreement","Moderate Disagreement","Strong Agreement","Moderate Agreement","Moderate Agreement","Slight Agreement","Slight Agreement","Moderate Disagreement","Moderate Disagreement","Slight Agreement","Moderate Disagreement","Strong Agreement","Strong Disagreement","Strong Disagreement",NA
"97635",76635,"ScjmfTA5QGWp",0,2,"magnitude","repeat",4,69,779.149999998393,541210,69,1,"purple","54","male",NA,"the purple one","the purple one was easier, it stayed with a colored number longer instead of switching as much","blue",6,2,7,5,1,8,6,8,4,6,"Moderate Disagreement","Moderate Disagreement","Moderate Agreement","Slight Agreement","Strong Agreement","Moderate Disagreement","Strong Agreement","Moderate Agreement","Moderate Agreement","Slight Agreement","Slight Agreement","Moderate Disagreement","Moderate Disagreement","Slight Agreement","Moderate Disagreement","Strong Agreement","Strong Disagreement","Strong Disagreement",NA
"97636",76636,"ScjmfTA5QGWp",0,2,"parity","switch",3,73,939.005000000121,542650,73,1,"purple","54","male",NA,"the purple one","the purple one was easier, it stayed with a colored number longer instead of switching as much","blue",6,2,7,5,1,8,6,8,4,6,"Moderate Disagreement","Moderate Disagreement","Moderate Agreement","Slight Agreement","Strong Agreement","Moderate Disagreement","Strong Agreement","Moderate Agreement","Moderate Agreement","Slight Agreement","Slight Agreement","Moderate Disagreement","Moderate Disagreement","Slight Agreement","Moderate Disagreement","Strong Agreement","Strong Disagreement","Strong Disagreement",NA
"97637",76637,"ScjmfTA5QGWp",0,2,"magnitude","switch",4,69,1467.02499999804,544618,69,1,"purple","54","male",NA,"the purple one","the purple one was easier, it stayed with a colored number longer instead of switching as much","blue",6,2,7,5,1,8,6,8,4,6,"Moderate Disagreement","Moderate Disagreement","Moderate Agreement","Slight Agreement","Strong Agreement","Moderate Disagreement","Strong Agreement","Moderate Agreement","Moderate Agreement","Slight Agreement","Slight Agreement","Moderate Disagreement","Moderate Disagreement","Slight Agreement","Moderate Disagreement","Strong Agreement","Strong Disagreement","Strong Disagreement",NA
"97638",76638,"ScjmfTA5QGWp",0,2,"magnitude","repeat",3,69,746.885000000475,545866,69,1,"purple","54","male",NA,"the purple one","the purple one was easier, it stayed with a colored number longer instead of switching as much","blue",6,2,7,5,1,8,6,8,4,6,"Moderate Disagreement","Moderate Disagreement","Moderate Agreement","Slight Agreement","Strong Agreement","Moderate Disagreement","Strong Agreement","Moderate Agreement","Moderate Agreement","Slight Agreement","Slight Agreement","Moderate Disagreement","Moderate Disagreement","Slight Agreement","Moderate Disagreement","Strong Agreement","Strong Disagreement","Strong Disagreement",NA
"97639",76639,"ScjmfTA5QGWp",0,2,"magnitude","repeat",9,73,1018.79499999993,547386,73,1,"purple","54","male",NA,"the purple one","the purple one was easier, it stayed with a colored number longer instead of switching as much","blue",6,2,7,5,1,8,6,8,4,6,"Moderate Disagreement","Moderate Disagreement","Moderate Agreement","Slight Agreement","Strong Agreement","Moderate Disagreement","Strong Agreement","Moderate Agreement","Moderate Agreement","Slight Agreement","Slight Agreement","Moderate Disagreement","Moderate Disagreement","Slight Agreement","Moderate Disagreement","Strong Agreement","Strong Disagreement","Strong Disagreement",NA
"97640",76640,"ScjmfTA5QGWp",0,2,"magnitude","repeat",4,69,746.750000001979,548634,69,1,"purple","54","male",NA,"the purple one","the purple one was easier, it stayed with a colored number longer instead of switching as much","blue",6,2,7,5,1,8,6,8,4,6,"Moderate Disagreement","Moderate Disagreement","Moderate Agreement","Slight Agreement","Strong Agreement","Moderate Disagreement","Strong Agreement","Moderate Agreement","Moderate Agreement","Slight Agreement","Slight Agreement","Moderate Disagreement","Moderate Disagreement","Slight Agreement","Moderate Disagreement","Strong Agreement","Strong Disagreement","Strong Disagreement",NA
"97641",76641,"ScjmfTA5QGWp",0,2,"magnitude","repeat",1,69,634.864999999991,549770,69,1,"purple","54","male",NA,"the purple one","the purple one was easier, it stayed with a colored number longer instead of switching as much","blue",6,2,7,5,1,8,6,8,4,6,"Moderate Disagreement","Moderate Disagreement","Moderate Agreement","Slight Agreement","Strong Agreement","Moderate Disagreement","Strong Agreement","Moderate Agreement","Moderate Agreement","Slight Agreement","Slight Agreement","Moderate Disagreement","Moderate Disagreement","Slight Agreement","Moderate Disagreement","Strong Agreement","Strong Disagreement","Strong Disagreement",NA
"97642",76642,"ScjmfTA5QGWp",0,2,"magnitude","repeat",3,69,858.664999999688,551130,69,1,"purple","54","male",NA,"the purple one","the purple one was easier, it stayed with a colored number longer instead of switching as much","blue",6,2,7,5,1,8,6,8,4,6,"Moderate Disagreement","Moderate Disagreement","Moderate Agreement","Slight Agreement","Strong Agreement","Moderate Disagreement","Strong Agreement","Moderate Agreement","Moderate Agreement","Slight Agreement","Slight Agreement","Moderate Disagreement","Moderate Disagreement","Slight Agreement","Moderate Disagreement","Strong Agreement","Strong Disagreement","Strong Disagreement",NA
"97643",76643,"ScjmfTA5QGWp",0,2,"magnitude","repeat",8,73,1306.4549999981,552938,73,1,"purple","54","male",NA,"the purple one","the purple one was easier, it stayed with a colored number longer instead of switching as much","blue",6,2,7,5,1,8,6,8,4,6,"Moderate Disagreement","Moderate Disagreement","Moderate Agreement","Slight Agreement","Strong Agreement","Moderate Disagreement","Strong Agreement","Moderate Agreement","Moderate Agreement","Slight Agreement","Slight Agreement","Moderate Disagreement","Moderate Disagreement","Slight Agreement","Moderate Disagreement","Strong Agreement","Strong Disagreement","Strong Disagreement",NA
"97644",76644,"ScjmfTA5QGWp",0,2,"magnitude","repeat",2,69,635.374999998137,554073,69,1,"purple","54","male",NA,"the purple one","the purple one was easier, it stayed with a colored number longer instead of switching as much","blue",6,2,7,5,1,8,6,8,4,6,"Moderate Disagreement","Moderate Disagreement","Moderate Agreement","Slight Agreement","Strong Agreement","Moderate Disagreement","Strong Agreement","Moderate Agreement","Moderate Agreement","Slight Agreement","Slight Agreement","Moderate Disagreement","Moderate Disagreement","Slight Agreement","Moderate Disagreement","Strong Agreement","Strong Disagreement","Strong Disagreement",NA
"97645",76645,"ScjmfTA5QGWp",0,2,"magnitude","repeat",8,73,667.22999999905,555241,73,1,"purple","54","male",NA,"the purple one","the purple one was easier, it stayed with a colored number longer instead of switching as much","blue",6,2,7,5,1,8,6,8,4,6,"Moderate Disagreement","Moderate Disagreement","Moderate Agreement","Slight Agreement","Strong Agreement","Moderate Disagreement","Strong Agreement","Moderate Agreement","Moderate Agreement","Slight Agreement","Slight Agreement","Moderate Disagreement","Moderate Disagreement","Slight Agreement","Moderate Disagreement","Strong Agreement","Strong Disagreement","Strong Disagreement",NA
"97646",76646,"ScjmfTA5QGWp",0,2,"magnitude","repeat",7,73,811.224999997648,556553,73,1,"purple","54","male",NA,"the purple one","the purple one was easier, it stayed with a colored number longer instead of switching as much","blue",6,2,7,5,1,8,6,8,4,6,"Moderate Disagreement","Moderate Disagreement","Moderate Agreement","Slight Agreement","Strong Agreement","Moderate Disagreement","Strong Agreement","Moderate Agreement","Moderate Agreement","Slight Agreement","Slight Agreement","Moderate Disagreement","Moderate Disagreement","Slight Agreement","Moderate Disagreement","Strong Agreement","Strong Disagreement","Strong Disagreement",NA
"97647",76647,"ScjmfTA5QGWp",0,2,"magnitude","repeat",2,69,731.260000000475,557786,69,1,"purple","54","male",NA,"the purple one","the purple one was easier, it stayed with a colored number longer instead of switching as much","blue",6,2,7,5,1,8,6,8,4,6,"Moderate Disagreement","Moderate Disagreement","Moderate Agreement","Slight Agreement","Strong Agreement","Moderate Disagreement","Strong Agreement","Moderate Agreement","Moderate Agreement","Slight Agreement","Slight Agreement","Moderate Disagreement","Moderate Disagreement","Slight Agreement","Moderate Disagreement","Strong Agreement","Strong Disagreement","Strong Disagreement",NA
"97648",76648,"ScjmfTA5QGWp",0,2,"magnitude","repeat",1,69,587.069999997737,558874,69,1,"purple","54","male",NA,"the purple one","the purple one was easier, it stayed with a colored number longer instead of switching as much","blue",6,2,7,5,1,8,6,8,4,6,"Moderate Disagreement","Moderate Disagreement","Moderate Agreement","Slight Agreement","Strong Agreement","Moderate Disagreement","Strong Agreement","Moderate Agreement","Moderate Agreement","Slight Agreement","Slight Agreement","Moderate Disagreement","Moderate Disagreement","Slight Agreement","Moderate Disagreement","Strong Agreement","Strong Disagreement","Strong Disagreement",NA
"97649",76649,"ScjmfTA5QGWp",0,2,"magnitude","repeat",1,69,635.344999998808,560010,69,1,"purple","54","male",NA,"the purple one","the purple one was easier, it stayed with a colored number longer instead of switching as much","blue",6,2,7,5,1,8,6,8,4,6,"Moderate Disagreement","Moderate Disagreement","Moderate Agreement","Slight Agreement","Strong Agreement","Moderate Disagreement","Strong Agreement","Moderate Agreement","Moderate Agreement","Slight Agreement","Slight Agreement","Moderate Disagreement","Moderate Disagreement","Slight Agreement","Moderate Disagreement","Strong Agreement","Strong Disagreement","Strong Disagreement",NA
"97650",76650,"ScjmfTA5QGWp",0,2,"magnitude","repeat",3,69,682.950000002165,561193,69,1,"purple","54","male",NA,"the purple one","the purple one was easier, it stayed with a colored number longer instead of switching as much","blue",6,2,7,5,1,8,6,8,4,6,"Moderate Disagreement","Moderate Disagreement","Moderate Agreement","Slight Agreement","Strong Agreement","Moderate Disagreement","Strong Agreement","Moderate Agreement","Moderate Agreement","Slight Agreement","Slight Agreement","Moderate Disagreement","Moderate Disagreement","Slight Agreement","Moderate Disagreement","Strong Agreement","Strong Disagreement","Strong Disagreement",NA
"97651",76651,"ScjmfTA5QGWp",0,3,"parity",NA,3,NA,NA,571027,73,NA,"purple","54","male",NA,"the purple one","the purple one was easier, it stayed with a colored number longer instead of switching as much","blue",6,2,7,5,1,8,6,8,4,6,"Moderate Disagreement","Moderate Disagreement","Moderate Agreement","Slight Agreement","Strong Agreement","Moderate Disagreement","Strong Agreement","Moderate Agreement","Moderate Agreement","Slight Agreement","Slight Agreement","Moderate Disagreement","Moderate Disagreement","Slight Agreement","Moderate Disagreement","Strong Agreement","Strong Disagreement","Strong Disagreement",NA
"97652",76652,"ScjmfTA5QGWp",0,3,"parity","repeat",6,73,146.410000001197,571674,69,0,"purple","54","male",NA,"the purple one","the purple one was easier, it stayed with a colored number longer instead of switching as much","blue",6,2,7,5,1,8,6,8,4,6,"Moderate Disagreement","Moderate Disagreement","Moderate Agreement","Slight Agreement","Strong Agreement","Moderate Disagreement","Strong Agreement","Moderate Agreement","Moderate Agreement","Slight Agreement","Slight Agreement","Moderate Disagreement","Moderate Disagreement","Slight Agreement","Moderate Disagreement","Strong Agreement","Strong Disagreement","Strong Disagreement",NA
"97653",76653,"ScjmfTA5QGWp",0,3,"magnitude","switch",4,69,810.365000001155,572985,69,1,"purple","54","male",NA,"the purple one","the purple one was easier, it stayed with a colored number longer instead of switching as much","blue",6,2,7,5,1,8,6,8,4,6,"Moderate Disagreement","Moderate Disagreement","Moderate Agreement","Slight Agreement","Strong Agreement","Moderate Disagreement","Strong Agreement","Moderate Agreement","Moderate Agreement","Slight Agreement","Slight Agreement","Moderate Disagreement","Moderate Disagreement","Slight Agreement","Moderate Disagreement","Strong Agreement","Strong Disagreement","Strong Disagreement",NA
"97654",76654,"ScjmfTA5QGWp",0,3,"parity","switch",7,73,1451.31000000041,574937,73,1,"purple","54","male",NA,"the purple one","the purple one was easier, it stayed with a colored number longer instead of switching as much","blue",6,2,7,5,1,8,6,8,4,6,"Moderate Disagreement","Moderate Disagreement","Moderate Agreement","Slight Agreement","Strong Agreement","Moderate Disagreement","Strong Agreement","Moderate Agreement","Moderate Agreement","Slight Agreement","Slight Agreement","Moderate Disagreement","Moderate Disagreement","Slight Agreement","Moderate Disagreement","Strong Agreement","Strong Disagreement","Strong Disagreement",NA
"97655",76655,"ScjmfTA5QGWp",0,3,"magnitude","switch",6,69,1179.28000000038,576618,73,0,"purple","54","male",NA,"the purple one","the purple one was easier, it stayed with a colored number longer instead of switching as much","blue",6,2,7,5,1,8,6,8,4,6,"Moderate Disagreement","Moderate Disagreement","Moderate Agreement","Slight Agreement","Strong Agreement","Moderate Disagreement","Strong Agreement","Moderate Agreement","Moderate Agreement","Slight Agreement","Slight Agreement","Moderate Disagreement","Moderate Disagreement","Slight Agreement","Moderate Disagreement","Strong Agreement","Strong Disagreement","Strong Disagreement",NA
"97656",76656,"ScjmfTA5QGWp",0,3,"parity","switch",9,73,1162.99000000069,578281,73,1,"purple","54","male",NA,"the purple one","the purple one was easier, it stayed with a colored number longer instead of switching as much","blue",6,2,7,5,1,8,6,8,4,6,"Moderate Disagreement","Moderate Disagreement","Moderate Agreement","Slight Agreement","Strong Agreement","Moderate Disagreement","Strong Agreement","Moderate Agreement","Moderate Agreement","Slight Agreement","Slight Agreement","Moderate Disagreement","Moderate Disagreement","Slight Agreement","Moderate Disagreement","Strong Agreement","Strong Disagreement","Strong Disagreement",NA
"97657",76657,"ScjmfTA5QGWp",0,3,"magnitude","switch",8,73,1450.99999999732,580233,73,1,"purple","54","male",NA,"the purple one","the purple one was easier, it stayed with a colored number longer instead of switching as much","blue",6,2,7,5,1,8,6,8,4,6,"Moderate Disagreement","Moderate Disagreement","Moderate Agreement","Slight Agreement","Strong Agreement","Moderate Disagreement","Strong Agreement","Moderate Agreement","Moderate Agreement","Slight Agreement","Slight Agreement","Moderate Disagreement","Moderate Disagreement","Slight Agreement","Moderate Disagreement","Strong Agreement","Strong Disagreement","Strong Disagreement",NA
"97658",76658,"ScjmfTA5QGWp",0,3,"parity","switch",6,69,1323.0750000003,582058,69,1,"purple","54","male",NA,"the purple one","the purple one was easier, it stayed with a colored number longer instead of switching as much","blue",6,2,7,5,1,8,6,8,4,6,"Moderate Disagreement","Moderate Disagreement","Moderate Agreement","Slight Agreement","Strong Agreement","Moderate Disagreement","Strong Agreement","Moderate Agreement","Moderate Agreement","Slight Agreement","Slight Agreement","Moderate Disagreement","Moderate Disagreement","Slight Agreement","Moderate Disagreement","Strong Agreement","Strong Disagreement","Strong Disagreement",NA
"97659",76659,"ScjmfTA5QGWp",0,3,"magnitude","switch",3,69,666.754999998375,583225,69,1,"purple","54","male",NA,"the purple one","the purple one was easier, it stayed with a colored number longer instead of switching as much","blue",6,2,7,5,1,8,6,8,4,6,"Moderate Disagreement","Moderate Disagreement","Moderate Agreement","Slight Agreement","Strong Agreement","Moderate Disagreement","Strong Agreement","Moderate Agreement","Moderate Agreement","Slight Agreement","Slight Agreement","Moderate Disagreement","Moderate Disagreement","Slight Agreement","Moderate Disagreement","Strong Agreement","Strong Disagreement","Strong Disagreement",NA
"97660",76660,"ScjmfTA5QGWp",0,3,"parity","switch",6,69,778.740000001504,584505,69,1,"purple","54","male",NA,"the purple one","the purple one was easier, it stayed with a colored number longer instead of switching as much","blue",6,2,7,5,1,8,6,8,4,6,"Moderate Disagreement","Moderate Disagreement","Moderate Agreement","Slight Agreement","Strong Agreement","Moderate Disagreement","Strong Agreement","Moderate Agreement","Moderate Agreement","Slight Agreement","Slight Agreement","Moderate Disagreement","Moderate Disagreement","Slight Agreement","Moderate Disagreement","Strong Agreement","Strong Disagreement","Strong Disagreement",NA
"97661",76661,"ScjmfTA5QGWp",0,3,"magnitude","switch",2,69,842.604999998002,585849,69,1,"purple","54","male",NA,"the purple one","the purple one was easier, it stayed with a colored number longer instead of switching as much","blue",6,2,7,5,1,8,6,8,4,6,"Moderate Disagreement","Moderate Disagreement","Moderate Agreement","Slight Agreement","Strong Agreement","Moderate Disagreement","Strong Agreement","Moderate Agreement","Moderate Agreement","Slight Agreement","Slight Agreement","Moderate Disagreement","Moderate Disagreement","Slight Agreement","Moderate Disagreement","Strong Agreement","Strong Disagreement","Strong Disagreement",NA
"97662",76662,"ScjmfTA5QGWp",0,3,"parity","switch",6,69,682.385000000009,587033,69,1,"purple","54","male",NA,"the purple one","the purple one was easier, it stayed with a colored number longer instead of switching as much","blue",6,2,7,5,1,8,6,8,4,6,"Moderate Disagreement","Moderate Disagreement","Moderate Agreement","Slight Agreement","Strong Agreement","Moderate Disagreement","Strong Agreement","Moderate Agreement","Moderate Agreement","Slight Agreement","Slight Agreement","Moderate Disagreement","Moderate Disagreement","Slight Agreement","Moderate Disagreement","Strong Agreement","Strong Disagreement","Strong Disagreement",NA
"97663",76663,"ScjmfTA5QGWp",0,3,"magnitude","switch",3,69,973.73499999952,588508,69,1,"purple","54","male",NA,"the purple one","the purple one was easier, it stayed with a colored number longer instead of switching as much","blue",6,2,7,5,1,8,6,8,4,6,"Moderate Disagreement","Moderate Disagreement","Moderate Agreement","Slight Agreement","Strong Agreement","Moderate Disagreement","Strong Agreement","Moderate Agreement","Moderate Agreement","Slight Agreement","Slight Agreement","Moderate Disagreement","Moderate Disagreement","Slight Agreement","Moderate Disagreement","Strong Agreement","Strong Disagreement","Strong Disagreement",NA
"97664",76664,"ScjmfTA5QGWp",0,3,"parity","switch",3,73,744.295000000391,589753,73,1,"purple","54","male",NA,"the purple one","the purple one was easier, it stayed with a colored number longer instead of switching as much","blue",6,2,7,5,1,8,6,8,4,6,"Moderate Disagreement","Moderate Disagreement","Moderate Agreement","Slight Agreement","Strong Agreement","Moderate Disagreement","Strong Agreement","Moderate Agreement","Moderate Agreement","Slight Agreement","Slight Agreement","Moderate Disagreement","Moderate Disagreement","Slight Agreement","Moderate Disagreement","Strong Agreement","Strong Disagreement","Strong Disagreement",NA
"97665",76665,"ScjmfTA5QGWp",0,3,"magnitude","switch",8,73,907.254999998258,591161,73,1,"purple","54","male",NA,"the purple one","the purple one was easier, it stayed with a colored number longer instead of switching as much","blue",6,2,7,5,1,8,6,8,4,6,"Moderate Disagreement","Moderate Disagreement","Moderate Agreement","Slight Agreement","Strong Agreement","Moderate Disagreement","Strong Agreement","Moderate Agreement","Moderate Agreement","Slight Agreement","Slight Agreement","Moderate Disagreement","Moderate Disagreement","Slight Agreement","Moderate Disagreement","Strong Agreement","Strong Disagreement","Strong Disagreement",NA
"97666",76666,"ScjmfTA5QGWp",0,3,"parity","switch",9,73,1243.34499999892,592905,73,1,"purple","54","male",NA,"the purple one","the purple one was easier, it stayed with a colored number longer instead of switching as much","blue",6,2,7,5,1,8,6,8,4,6,"Moderate Disagreement","Moderate Disagreement","Moderate Agreement","Slight Agreement","Strong Agreement","Moderate Disagreement","Strong Agreement","Moderate Agreement","Moderate Agreement","Slight Agreement","Slight Agreement","Moderate Disagreement","Moderate Disagreement","Slight Agreement","Moderate Disagreement","Strong Agreement","Strong Disagreement","Strong Disagreement",NA
"97667",76667,"ScjmfTA5QGWp",0,3,"magnitude","switch",2,69,907.260000000009,594313,69,1,"purple","54","male",NA,"the purple one","the purple one was easier, it stayed with a colored number longer instead of switching as much","blue",6,2,7,5,1,8,6,8,4,6,"Moderate Disagreement","Moderate Disagreement","Moderate Agreement","Slight Agreement","Strong Agreement","Moderate Disagreement","Strong Agreement","Moderate Agreement","Moderate Agreement","Slight Agreement","Slight Agreement","Moderate Disagreement","Moderate Disagreement","Slight Agreement","Moderate Disagreement","Strong Agreement","Strong Disagreement","Strong Disagreement",NA
"97668",76668,"ScjmfTA5QGWp",0,3,"parity","switch",7,73,1834.12499999756,596649,73,1,"purple","54","male",NA,"the purple one","the purple one was easier, it stayed with a colored number longer instead of switching as much","blue",6,2,7,5,1,8,6,8,4,6,"Moderate Disagreement","Moderate Disagreement","Moderate Agreement","Slight Agreement","Strong Agreement","Moderate Disagreement","Strong Agreement","Moderate Agreement","Moderate Agreement","Slight Agreement","Slight Agreement","Moderate Disagreement","Moderate Disagreement","Slight Agreement","Moderate Disagreement","Strong Agreement","Strong Disagreement","Strong Disagreement",NA
"97669",76669,"ScjmfTA5QGWp",0,3,"magnitude","switch",6,69,778.83500000101,597929,73,0,"purple","54","male",NA,"the purple one","the purple one was easier, it stayed with a colored number longer instead of switching as much","blue",6,2,7,5,1,8,6,8,4,6,"Moderate Disagreement","Moderate Disagreement","Moderate Agreement","Slight Agreement","Strong Agreement","Moderate Disagreement","Strong Agreement","Moderate Agreement","Moderate Agreement","Slight Agreement","Slight Agreement","Moderate Disagreement","Moderate Disagreement","Slight Agreement","Moderate Disagreement","Strong Agreement","Strong Disagreement","Strong Disagreement",NA
"97670",76670,"ScjmfTA5QGWp",0,3,"parity","switch",8,69,1034.83499999857,599465,69,1,"purple","54","male",NA,"the purple one","the purple one was easier, it stayed with a colored number longer instead of switching as much","blue",6,2,7,5,1,8,6,8,4,6,"Moderate Disagreement","Moderate Disagreement","Moderate Agreement","Slight Agreement","Strong Agreement","Moderate Disagreement","Strong Agreement","Moderate Agreement","Moderate Agreement","Slight Agreement","Slight Agreement","Moderate Disagreement","Moderate Disagreement","Slight Agreement","Moderate Disagreement","Strong Agreement","Strong Disagreement","Strong Disagreement",NA
"97671",76671,"ScjmfTA5QGWp",0,3,"magnitude","switch",2,69,842.820000001579,600809,69,1,"purple","54","male",NA,"the purple one","the purple one was easier, it stayed with a colored number longer instead of switching as much","blue",6,2,7,5,1,8,6,8,4,6,"Moderate Disagreement","Moderate Disagreement","Moderate Agreement","Slight Agreement","Strong Agreement","Moderate Disagreement","Strong Agreement","Moderate Agreement","Moderate Agreement","Slight Agreement","Slight Agreement","Moderate Disagreement","Moderate Disagreement","Slight Agreement","Moderate Disagreement","Strong Agreement","Strong Disagreement","Strong Disagreement",NA
"97672",76672,"ScjmfTA5QGWp",0,3,"parity","switch",9,73,986.65500000061,602298,73,1,"purple","54","male",NA,"the purple one","the purple one was easier, it stayed with a colored number longer instead of switching as much","blue",6,2,7,5,1,8,6,8,4,6,"Moderate Disagreement","Moderate Disagreement","Moderate Agreement","Slight Agreement","Strong Agreement","Moderate Disagreement","Strong Agreement","Moderate Agreement","Moderate Agreement","Slight Agreement","Slight Agreement","Moderate Disagreement","Moderate Disagreement","Slight Agreement","Moderate Disagreement","Strong Agreement","Strong Disagreement","Strong Disagreement",NA
"97673",76673,"ScjmfTA5QGWp",0,3,"magnitude","switch",9,73,907.329999998212,603707,73,1,"purple","54","male",NA,"the purple one","the purple one was easier, it stayed with a colored number longer instead of switching as much","blue",6,2,7,5,1,8,6,8,4,6,"Moderate Disagreement","Moderate Disagreement","Moderate Agreement","Slight Agreement","Strong Agreement","Moderate Disagreement","Strong Agreement","Moderate Agreement","Moderate Agreement","Slight Agreement","Slight Agreement","Moderate Disagreement","Moderate Disagreement","Slight Agreement","Moderate Disagreement","Strong Agreement","Strong Disagreement","Strong Disagreement",NA
"97674",76674,"ScjmfTA5QGWp",0,3,"parity","switch",6,69,1674.42500000098,605882,69,1,"purple","54","male",NA,"the purple one","the purple one was easier, it stayed with a colored number longer instead of switching as much","blue",6,2,7,5,1,8,6,8,4,6,"Moderate Disagreement","Moderate Disagreement","Moderate Agreement","Slight Agreement","Strong Agreement","Moderate Disagreement","Strong Agreement","Moderate Agreement","Moderate Agreement","Slight Agreement","Slight Agreement","Moderate Disagreement","Moderate Disagreement","Slight Agreement","Moderate Disagreement","Strong Agreement","Strong Disagreement","Strong Disagreement",NA
"97675",76675,"ScjmfTA5QGWp",0,3,"magnitude","switch",1,69,651.309999997495,607034,69,1,"purple","54","male",NA,"the purple one","the purple one was easier, it stayed with a colored number longer instead of switching as much","blue",6,2,7,5,1,8,6,8,4,6,"Moderate Disagreement","Moderate Disagreement","Moderate Agreement","Slight Agreement","Strong Agreement","Moderate Disagreement","Strong Agreement","Moderate Agreement","Moderate Agreement","Slight Agreement","Slight Agreement","Moderate Disagreement","Moderate Disagreement","Slight Agreement","Moderate Disagreement","Strong Agreement","Strong Disagreement","Strong Disagreement",NA
"97676",76676,"ScjmfTA5QGWp",0,3,"parity","switch",1,69,907.184999999939,608442,73,0,"purple","54","male",NA,"the purple one","the purple one was easier, it stayed with a colored number longer instead of switching as much","blue",6,2,7,5,1,8,6,8,4,6,"Moderate Disagreement","Moderate Disagreement","Moderate Agreement","Slight Agreement","Strong Agreement","Moderate Disagreement","Strong Agreement","Moderate Agreement","Moderate Agreement","Slight Agreement","Slight Agreement","Moderate Disagreement","Moderate Disagreement","Slight Agreement","Moderate Disagreement","Strong Agreement","Strong Disagreement","Strong Disagreement",NA
"97677",76677,"ScjmfTA5QGWp",0,3,"magnitude","switch",4,69,1739.25000000233,610682,69,1,"purple","54","male",NA,"the purple one","the purple one was easier, it stayed with a colored number longer instead of switching as much","blue",6,2,7,5,1,8,6,8,4,6,"Moderate Disagreement","Moderate Disagreement","Moderate Agreement","Slight Agreement","Strong Agreement","Moderate Disagreement","Strong Agreement","Moderate Agreement","Moderate Agreement","Slight Agreement","Slight Agreement","Moderate Disagreement","Moderate Disagreement","Slight Agreement","Moderate Disagreement","Strong Agreement","Strong Disagreement","Strong Disagreement",NA
"97678",76678,"ScjmfTA5QGWp",0,3,"parity","switch",7,73,1803.30500000122,612986,73,1,"purple","54","male",NA,"the purple one","the purple one was easier, it stayed with a colored number longer instead of switching as much","blue",6,2,7,5,1,8,6,8,4,6,"Moderate Disagreement","Moderate Disagreement","Moderate Agreement","Slight Agreement","Strong Agreement","Moderate Disagreement","Strong Agreement","Moderate Agreement","Moderate Agreement","Slight Agreement","Slight Agreement","Moderate Disagreement","Moderate Disagreement","Slight Agreement","Moderate Disagreement","Strong Agreement","Strong Disagreement","Strong Disagreement",NA
"97679",76679,"ScjmfTA5QGWp",0,3,"magnitude","switch",3,69,699.185000001336,614186,69,1,"purple","54","male",NA,"the purple one","the purple one was easier, it stayed with a colored number longer instead of switching as much","blue",6,2,7,5,1,8,6,8,4,6,"Moderate Disagreement","Moderate Disagreement","Moderate Agreement","Slight Agreement","Strong Agreement","Moderate Disagreement","Strong Agreement","Moderate Agreement","Moderate Agreement","Slight Agreement","Slight Agreement","Moderate Disagreement","Moderate Disagreement","Slight Agreement","Moderate Disagreement","Strong Agreement","Strong Disagreement","Strong Disagreement",NA
"97680",76680,"ScjmfTA5QGWp",0,3,"parity","switch",7,73,858.809999997844,615546,73,1,"purple","54","male",NA,"the purple one","the purple one was easier, it stayed with a colored number longer instead of switching as much","blue",6,2,7,5,1,8,6,8,4,6,"Moderate Disagreement","Moderate Disagreement","Moderate Agreement","Slight Agreement","Strong Agreement","Moderate Disagreement","Strong Agreement","Moderate Agreement","Moderate Agreement","Slight Agreement","Slight Agreement","Moderate Disagreement","Moderate Disagreement","Slight Agreement","Moderate Disagreement","Strong Agreement","Strong Disagreement","Strong Disagreement",NA
"97681",76681,"ScjmfTA5QGWp",0,3,"magnitude","switch",3,69,794.794999997946,616842,69,1,"purple","54","male",NA,"the purple one","the purple one was easier, it stayed with a colored number longer instead of switching as much","blue",6,2,7,5,1,8,6,8,4,6,"Moderate Disagreement","Moderate Disagreement","Moderate Agreement","Slight Agreement","Strong Agreement","Moderate Disagreement","Strong Agreement","Moderate Agreement","Moderate Agreement","Slight Agreement","Slight Agreement","Moderate Disagreement","Moderate Disagreement","Slight Agreement","Moderate Disagreement","Strong Agreement","Strong Disagreement","Strong Disagreement",NA
"97682",76682,"ScjmfTA5QGWp",0,3,"magnitude","repeat",6,73,922.664999998175,618266,73,1,"purple","54","male",NA,"the purple one","the purple one was easier, it stayed with a colored number longer instead of switching as much","blue",6,2,7,5,1,8,6,8,4,6,"Moderate Disagreement","Moderate Disagreement","Moderate Agreement","Slight Agreement","Strong Agreement","Moderate Disagreement","Strong Agreement","Moderate Agreement","Moderate Agreement","Slight Agreement","Slight Agreement","Moderate Disagreement","Moderate Disagreement","Slight Agreement","Moderate Disagreement","Strong Agreement","Strong Disagreement","Strong Disagreement",NA
"97683",76683,"ScjmfTA5QGWp",0,3,"parity","switch",4,69,1818.67499999853,620586,69,1,"purple","54","male",NA,"the purple one","the purple one was easier, it stayed with a colored number longer instead of switching as much","blue",6,2,7,5,1,8,6,8,4,6,"Moderate Disagreement","Moderate Disagreement","Moderate Agreement","Slight Agreement","Strong Agreement","Moderate Disagreement","Strong Agreement","Moderate Agreement","Moderate Agreement","Slight Agreement","Slight Agreement","Moderate Disagreement","Moderate Disagreement","Slight Agreement","Moderate Disagreement","Strong Agreement","Strong Disagreement","Strong Disagreement",NA
"97684",76684,"ScjmfTA5QGWp",0,3,"magnitude","switch",1,69,653.324999999371,621741,69,1,"purple","54","male",NA,"the purple one","the purple one was easier, it stayed with a colored number longer instead of switching as much","blue",6,2,7,5,1,8,6,8,4,6,"Moderate Disagreement","Moderate Disagreement","Moderate Agreement","Slight Agreement","Strong Agreement","Moderate Disagreement","Strong Agreement","Moderate Agreement","Moderate Agreement","Slight Agreement","Slight Agreement","Moderate Disagreement","Moderate Disagreement","Slight Agreement","Moderate Disagreement","Strong Agreement","Strong Disagreement","Strong Disagreement",NA
"97685",76685,"ScjmfTA5QGWp",0,3,"parity","switch",1,69,552.410000000265,622794,73,0,"purple","54","male",NA,"the purple one","the purple one was easier, it stayed with a colored number longer instead of switching as much","blue",6,2,7,5,1,8,6,8,4,6,"Moderate Disagreement","Moderate Disagreement","Moderate Agreement","Slight Agreement","Strong Agreement","Moderate Disagreement","Strong Agreement","Moderate Agreement","Moderate Agreement","Slight Agreement","Slight Agreement","Moderate Disagreement","Moderate Disagreement","Slight Agreement","Moderate Disagreement","Strong Agreement","Strong Disagreement","Strong Disagreement",NA
"97686",76686,"ScjmfTA5QGWp",0,3,"magnitude","switch",3,69,683.88000000047,623978,69,1,"purple","54","male",NA,"the purple one","the purple one was easier, it stayed with a colored number longer instead of switching as much","blue",6,2,7,5,1,8,6,8,4,6,"Moderate Disagreement","Moderate Disagreement","Moderate Agreement","Slight Agreement","Strong Agreement","Moderate Disagreement","Strong Agreement","Moderate Agreement","Moderate Agreement","Slight Agreement","Slight Agreement","Moderate Disagreement","Moderate Disagreement","Slight Agreement","Moderate Disagreement","Strong Agreement","Strong Disagreement","Strong Disagreement",NA
"97687",76687,"ScjmfTA5QGWp",0,3,"parity","switch",3,69,570.599999999045,625050,73,0,"purple","54","male",NA,"the purple one","the purple one was easier, it stayed with a colored number longer instead of switching as much","blue",6,2,7,5,1,8,6,8,4,6,"Moderate Disagreement","Moderate Disagreement","Moderate Agreement","Slight Agreement","Strong Agreement","Moderate Disagreement","Strong Agreement","Moderate Agreement","Moderate Agreement","Slight Agreement","Slight Agreement","Moderate Disagreement","Moderate Disagreement","Slight Agreement","Moderate Disagreement","Strong Agreement","Strong Disagreement","Strong Disagreement",NA
"97688",76688,"ScjmfTA5QGWp",0,3,"magnitude","switch",4,69,1242.31499999959,626794,69,1,"purple","54","male",NA,"the purple one","the purple one was easier, it stayed with a colored number longer instead of switching as much","blue",6,2,7,5,1,8,6,8,4,6,"Moderate Disagreement","Moderate Disagreement","Moderate Agreement","Slight Agreement","Strong Agreement","Moderate Disagreement","Strong Agreement","Moderate Agreement","Moderate Agreement","Slight Agreement","Slight Agreement","Moderate Disagreement","Moderate Disagreement","Slight Agreement","Moderate Disagreement","Strong Agreement","Strong Disagreement","Strong Disagreement",NA
"97689",76689,"ScjmfTA5QGWp",0,3,"parity","switch",1,73,1147.10999999801,628442,73,1,"purple","54","male",NA,"the purple one","the purple one was easier, it stayed with a colored number longer instead of switching as much","blue",6,2,7,5,1,8,6,8,4,6,"Moderate Disagreement","Moderate Disagreement","Moderate Agreement","Slight Agreement","Strong Agreement","Moderate Disagreement","Strong Agreement","Moderate Agreement","Moderate Agreement","Slight Agreement","Slight Agreement","Moderate Disagreement","Moderate Disagreement","Slight Agreement","Moderate Disagreement","Strong Agreement","Strong Disagreement","Strong Disagreement",NA
"97690",76690,"ScjmfTA5QGWp",0,3,"magnitude","switch",3,69,891.109999996843,629834,69,1,"purple","54","male",NA,"the purple one","the purple one was easier, it stayed with a colored number longer instead of switching as much","blue",6,2,7,5,1,8,6,8,4,6,"Moderate Disagreement","Moderate Disagreement","Moderate Agreement","Slight Agreement","Strong Agreement","Moderate Disagreement","Strong Agreement","Moderate Agreement","Moderate Agreement","Slight Agreement","Slight Agreement","Moderate Disagreement","Moderate Disagreement","Slight Agreement","Moderate Disagreement","Strong Agreement","Strong Disagreement","Strong Disagreement",NA
"97691",76691,"ScjmfTA5QGWp",0,3,"parity","switch",9,73,1259.07999999984,631594,73,1,"purple","54","male",NA,"the purple one","the purple one was easier, it stayed with a colored number longer instead of switching as much","blue",6,2,7,5,1,8,6,8,4,6,"Moderate Disagreement","Moderate Disagreement","Moderate Agreement","Slight Agreement","Strong Agreement","Moderate Disagreement","Strong Agreement","Moderate Agreement","Moderate Agreement","Slight Agreement","Slight Agreement","Moderate Disagreement","Moderate Disagreement","Slight Agreement","Moderate Disagreement","Strong Agreement","Strong Disagreement","Strong Disagreement",NA
"97692",76692,"ScjmfTA5QGWp",0,3,"magnitude","switch",6,73,955.004999999772,633050,73,1,"purple","54","male",NA,"the purple one","the purple one was easier, it stayed with a colored number longer instead of switching as much","blue",6,2,7,5,1,8,6,8,4,6,"Moderate Disagreement","Moderate Disagreement","Moderate Agreement","Slight Agreement","Strong Agreement","Moderate Disagreement","Strong Agreement","Moderate Agreement","Moderate Agreement","Slight Agreement","Slight Agreement","Moderate Disagreement","Moderate Disagreement","Slight Agreement","Moderate Disagreement","Strong Agreement","Strong Disagreement","Strong Disagreement",NA
"97693",76693,"ScjmfTA5QGWp",0,3,"parity","switch",3,73,1163.67499999981,634715,73,1,"purple","54","male",NA,"the purple one","the purple one was easier, it stayed with a colored number longer instead of switching as much","blue",6,2,7,5,1,8,6,8,4,6,"Moderate Disagreement","Moderate Disagreement","Moderate Agreement","Slight Agreement","Strong Agreement","Moderate Disagreement","Strong Agreement","Moderate Agreement","Moderate Agreement","Slight Agreement","Slight Agreement","Moderate Disagreement","Moderate Disagreement","Slight Agreement","Moderate Disagreement","Strong Agreement","Strong Disagreement","Strong Disagreement",NA
"97694",76694,"ScjmfTA5QGWp",0,3,"magnitude","switch",6,73,974.575000000186,636191,73,1,"purple","54","male",NA,"the purple one","the purple one was easier, it stayed with a colored number longer instead of switching as much","blue",6,2,7,5,1,8,6,8,4,6,"Moderate Disagreement","Moderate Disagreement","Moderate Agreement","Slight Agreement","Strong Agreement","Moderate Disagreement","Strong Agreement","Moderate Agreement","Moderate Agreement","Slight Agreement","Slight Agreement","Moderate Disagreement","Moderate Disagreement","Slight Agreement","Moderate Disagreement","Strong Agreement","Strong Disagreement","Strong Disagreement",NA
"97695",76695,"ScjmfTA5QGWp",0,3,"parity","switch",9,73,1125.69499999878,637818,73,1,"purple","54","male",NA,"the purple one","the purple one was easier, it stayed with a colored number longer instead of switching as much","blue",6,2,7,5,1,8,6,8,4,6,"Moderate Disagreement","Moderate Disagreement","Moderate Agreement","Slight Agreement","Strong Agreement","Moderate Disagreement","Strong Agreement","Moderate Agreement","Moderate Agreement","Slight Agreement","Slight Agreement","Moderate Disagreement","Moderate Disagreement","Slight Agreement","Moderate Disagreement","Strong Agreement","Strong Disagreement","Strong Disagreement",NA
"97696",76696,"ScjmfTA5QGWp",0,3,"magnitude","switch",1,69,762.919999997364,639082,69,1,"purple","54","male",NA,"the purple one","the purple one was easier, it stayed with a colored number longer instead of switching as much","blue",6,2,7,5,1,8,6,8,4,6,"Moderate Disagreement","Moderate Disagreement","Moderate Agreement","Slight Agreement","Strong Agreement","Moderate Disagreement","Strong Agreement","Moderate Agreement","Moderate Agreement","Slight Agreement","Slight Agreement","Moderate Disagreement","Moderate Disagreement","Slight Agreement","Moderate Disagreement","Strong Agreement","Strong Disagreement","Strong Disagreement",NA
"97697",76697,"ScjmfTA5QGWp",0,3,"parity","switch",1,73,1466.55499999912,641050,73,1,"purple","54","male",NA,"the purple one","the purple one was easier, it stayed with a colored number longer instead of switching as much","blue",6,2,7,5,1,8,6,8,4,6,"Moderate Disagreement","Moderate Disagreement","Moderate Agreement","Slight Agreement","Strong Agreement","Moderate Disagreement","Strong Agreement","Moderate Agreement","Moderate Agreement","Slight Agreement","Slight Agreement","Moderate Disagreement","Moderate Disagreement","Slight Agreement","Moderate Disagreement","Strong Agreement","Strong Disagreement","Strong Disagreement",NA
"97698",76698,"ScjmfTA5QGWp",0,3,"magnitude","switch",7,73,2282.3400000016,643834,73,1,"purple","54","male",NA,"the purple one","the purple one was easier, it stayed with a colored number longer instead of switching as much","blue",6,2,7,5,1,8,6,8,4,6,"Moderate Disagreement","Moderate Disagreement","Moderate Agreement","Slight Agreement","Strong Agreement","Moderate Disagreement","Strong Agreement","Moderate Agreement","Moderate Agreement","Slight Agreement","Slight Agreement","Moderate Disagreement","Moderate Disagreement","Slight Agreement","Moderate Disagreement","Strong Agreement","Strong Disagreement","Strong Disagreement",NA
"97699",76699,"ScjmfTA5QGWp",0,3,"magnitude","repeat",3,69,1019.2150000002,645354,69,1,"purple","54","male",NA,"the purple one","the purple one was easier, it stayed with a colored number longer instead of switching as much","blue",6,2,7,5,1,8,6,8,4,6,"Moderate Disagreement","Moderate Disagreement","Moderate Agreement","Slight Agreement","Strong Agreement","Moderate Disagreement","Strong Agreement","Moderate Agreement","Moderate Agreement","Slight Agreement","Slight Agreement","Moderate Disagreement","Moderate Disagreement","Slight Agreement","Moderate Disagreement","Strong Agreement","Strong Disagreement","Strong Disagreement",NA
"97700",76700,"ScjmfTA5QGWp",0,3,"parity","switch",4,69,1147.40499999968,647002,69,1,"purple","54","male",NA,"the purple one","the purple one was easier, it stayed with a colored number longer instead of switching as much","blue",6,2,7,5,1,8,6,8,4,6,"Moderate Disagreement","Moderate Disagreement","Moderate Agreement","Slight Agreement","Strong Agreement","Moderate Disagreement","Strong Agreement","Moderate Agreement","Moderate Agreement","Slight Agreement","Slight Agreement","Moderate Disagreement","Moderate Disagreement","Slight Agreement","Moderate Disagreement","Strong Agreement","Strong Disagreement","Strong Disagreement",NA
"97701",76701,"ScjmfTA5QGWp",0,3,"parity","repeat",6,69,1322.96499999939,648826,69,1,"purple","54","male",NA,"the purple one","the purple one was easier, it stayed with a colored number longer instead of switching as much","blue",6,2,7,5,1,8,6,8,4,6,"Moderate Disagreement","Moderate Disagreement","Moderate Agreement","Slight Agreement","Strong Agreement","Moderate Disagreement","Strong Agreement","Moderate Agreement","Moderate Agreement","Slight Agreement","Slight Agreement","Moderate Disagreement","Moderate Disagreement","Slight Agreement","Moderate Disagreement","Strong Agreement","Strong Disagreement","Strong Disagreement",NA
"97702",76702,"ScjmfTA5QGWp",0,3,"magnitude","switch",1,69,618.880000001751,649945,69,1,"purple","54","male",NA,"the purple one","the purple one was easier, it stayed with a colored number longer instead of switching as much","blue",6,2,7,5,1,8,6,8,4,6,"Moderate Disagreement","Moderate Disagreement","Moderate Agreement","Slight Agreement","Strong Agreement","Moderate Disagreement","Strong Agreement","Moderate Agreement","Moderate Agreement","Slight Agreement","Slight Agreement","Moderate Disagreement","Moderate Disagreement","Slight Agreement","Moderate Disagreement","Strong Agreement","Strong Disagreement","Strong Disagreement",NA
"97703",76703,"ScjmfTA5QGWp",0,3,"parity","switch",6,69,858.834999999031,651305,69,1,"purple","54","male",NA,"the purple one","the purple one was easier, it stayed with a colored number longer instead of switching as much","blue",6,2,7,5,1,8,6,8,4,6,"Moderate Disagreement","Moderate Disagreement","Moderate Agreement","Slight Agreement","Strong Agreement","Moderate Disagreement","Strong Agreement","Moderate Agreement","Moderate Agreement","Slight Agreement","Slight Agreement","Moderate Disagreement","Moderate Disagreement","Slight Agreement","Moderate Disagreement","Strong Agreement","Strong Disagreement","Strong Disagreement",NA
"97704",76704,"ScjmfTA5QGWp",0,3,"magnitude","switch",1,69,682.800000002258,652490,69,1,"purple","54","male",NA,"the purple one","the purple one was easier, it stayed with a colored number longer instead of switching as much","blue",6,2,7,5,1,8,6,8,4,6,"Moderate Disagreement","Moderate Disagreement","Moderate Agreement","Slight Agreement","Strong Agreement","Moderate Disagreement","Strong Agreement","Moderate Agreement","Moderate Agreement","Slight Agreement","Slight Agreement","Moderate Disagreement","Moderate Disagreement","Slight Agreement","Moderate Disagreement","Strong Agreement","Strong Disagreement","Strong Disagreement",NA
"97705",76705,"ScjmfTA5QGWp",0,3,"parity","switch",6,69,922.815000001807,653914,69,1,"purple","54","male",NA,"the purple one","the purple one was easier, it stayed with a colored number longer instead of switching as much","blue",6,2,7,5,1,8,6,8,4,6,"Moderate Disagreement","Moderate Disagreement","Moderate Agreement","Slight Agreement","Strong Agreement","Moderate Disagreement","Strong Agreement","Moderate Agreement","Moderate Agreement","Slight Agreement","Slight Agreement","Moderate Disagreement","Moderate Disagreement","Slight Agreement","Moderate Disagreement","Strong Agreement","Strong Disagreement","Strong Disagreement",NA
"97706",76706,"ScjmfTA5QGWp",0,3,"magnitude","switch",2,69,762.640000000829,655178,69,1,"purple","54","male",NA,"the purple one","the purple one was easier, it stayed with a colored number longer instead of switching as much","blue",6,2,7,5,1,8,6,8,4,6,"Moderate Disagreement","Moderate Disagreement","Moderate Agreement","Slight Agreement","Strong Agreement","Moderate Disagreement","Strong Agreement","Moderate Agreement","Moderate Agreement","Slight Agreement","Slight Agreement","Moderate Disagreement","Moderate Disagreement","Slight Agreement","Moderate Disagreement","Strong Agreement","Strong Disagreement","Strong Disagreement",NA
"97707",76707,"ScjmfTA5QGWp",0,3,"parity","switch",7,73,778.585000000079,656457,73,1,"purple","54","male",NA,"the purple one","the purple one was easier, it stayed with a colored number longer instead of switching as much","blue",6,2,7,5,1,8,6,8,4,6,"Moderate Disagreement","Moderate Disagreement","Moderate Agreement","Slight Agreement","Strong Agreement","Moderate Disagreement","Strong Agreement","Moderate Agreement","Moderate Agreement","Slight Agreement","Slight Agreement","Moderate Disagreement","Moderate Disagreement","Slight Agreement","Moderate Disagreement","Strong Agreement","Strong Disagreement","Strong Disagreement",NA
"97708",76708,"ScjmfTA5QGWp",0,3,"magnitude","switch",8,73,939.709999998682,657898,73,1,"purple","54","male",NA,"the purple one","the purple one was easier, it stayed with a colored number longer instead of switching as much","blue",6,2,7,5,1,8,6,8,4,6,"Moderate Disagreement","Moderate Disagreement","Moderate Agreement","Slight Agreement","Strong Agreement","Moderate Disagreement","Strong Agreement","Moderate Agreement","Moderate Agreement","Slight Agreement","Slight Agreement","Moderate Disagreement","Moderate Disagreement","Slight Agreement","Moderate Disagreement","Strong Agreement","Strong Disagreement","Strong Disagreement",NA
"97709",76709,"ScjmfTA5QGWp",0,3,"parity","switch",2,69,922.344999999041,659321,69,1,"purple","54","male",NA,"the purple one","the purple one was easier, it stayed with a colored number longer instead of switching as much","blue",6,2,7,5,1,8,6,8,4,6,"Moderate Disagreement","Moderate Disagreement","Moderate Agreement","Slight Agreement","Strong Agreement","Moderate Disagreement","Strong Agreement","Moderate Agreement","Moderate Agreement","Slight Agreement","Slight Agreement","Moderate Disagreement","Moderate Disagreement","Slight Agreement","Moderate Disagreement","Strong Agreement","Strong Disagreement","Strong Disagreement",NA
"97710",76710,"ScjmfTA5QGWp",0,3,"parity","repeat",1,73,683.320000000065,660505,73,1,"purple","54","male",NA,"the purple one","the purple one was easier, it stayed with a colored number longer instead of switching as much","blue",6,2,7,5,1,8,6,8,4,6,"Moderate Disagreement","Moderate Disagreement","Moderate Agreement","Slight Agreement","Strong Agreement","Moderate Disagreement","Strong Agreement","Moderate Agreement","Moderate Agreement","Slight Agreement","Slight Agreement","Moderate Disagreement","Moderate Disagreement","Slight Agreement","Moderate Disagreement","Strong Agreement","Strong Disagreement","Strong Disagreement",NA
"97711",76711,"ScjmfTA5QGWp",0,3,"magnitude","switch",8,73,1211.20499999961,662218,73,1,"purple","54","male",NA,"the purple one","the purple one was easier, it stayed with a colored number longer instead of switching as much","blue",6,2,7,5,1,8,6,8,4,6,"Moderate Disagreement","Moderate Disagreement","Moderate Agreement","Slight Agreement","Strong Agreement","Moderate Disagreement","Strong Agreement","Moderate Agreement","Moderate Agreement","Slight Agreement","Slight Agreement","Moderate Disagreement","Moderate Disagreement","Slight Agreement","Moderate Disagreement","Strong Agreement","Strong Disagreement","Strong Disagreement",NA
"97712",76712,"ScjmfTA5QGWp",0,3,"parity","switch",4,69,955.245000000927,663674,69,1,"purple","54","male",NA,"the purple one","the purple one was easier, it stayed with a colored number longer instead of switching as much","blue",6,2,7,5,1,8,6,8,4,6,"Moderate Disagreement","Moderate Disagreement","Moderate Agreement","Slight Agreement","Strong Agreement","Moderate Disagreement","Strong Agreement","Moderate Agreement","Moderate Agreement","Slight Agreement","Slight Agreement","Moderate Disagreement","Moderate Disagreement","Slight Agreement","Moderate Disagreement","Strong Agreement","Strong Disagreement","Strong Disagreement",NA
"97713",76713,"ScjmfTA5QGWp",0,3,"magnitude","switch",1,69,603.009999998845,664778,69,1,"purple","54","male",NA,"the purple one","the purple one was easier, it stayed with a colored number longer instead of switching as much","blue",6,2,7,5,1,8,6,8,4,6,"Moderate Disagreement","Moderate Disagreement","Moderate Agreement","Slight Agreement","Strong Agreement","Moderate Disagreement","Strong Agreement","Moderate Agreement","Moderate Agreement","Slight Agreement","Slight Agreement","Moderate Disagreement","Moderate Disagreement","Slight Agreement","Moderate Disagreement","Strong Agreement","Strong Disagreement","Strong Disagreement",NA
"97714",76714,"ScjmfTA5QGWp",0,3,"parity","switch",6,69,986.949999998673,666265,69,1,"purple","54","male",NA,"the purple one","the purple one was easier, it stayed with a colored number longer instead of switching as much","blue",6,2,7,5,1,8,6,8,4,6,"Moderate Disagreement","Moderate Disagreement","Moderate Agreement","Slight Agreement","Strong Agreement","Moderate Disagreement","Strong Agreement","Moderate Agreement","Moderate Agreement","Slight Agreement","Slight Agreement","Moderate Disagreement","Moderate Disagreement","Slight Agreement","Moderate Disagreement","Strong Agreement","Strong Disagreement","Strong Disagreement",NA
"97715",76715,"ScjmfTA5QGWp",0,3,"magnitude","switch",2,69,778.919999997015,667546,69,1,"purple","54","male",NA,"the purple one","the purple one was easier, it stayed with a colored number longer instead of switching as much","blue",6,2,7,5,1,8,6,8,4,6,"Moderate Disagreement","Moderate Disagreement","Moderate Agreement","Slight Agreement","Strong Agreement","Moderate Disagreement","Strong Agreement","Moderate Agreement","Moderate Agreement","Slight Agreement","Slight Agreement","Moderate Disagreement","Moderate Disagreement","Slight Agreement","Moderate Disagreement","Strong Agreement","Strong Disagreement","Strong Disagreement",NA
"97716",76716,"ScjmfTA5QGWp",0,3,"parity","switch",4,69,779.009999998379,668826,69,1,"purple","54","male",NA,"the purple one","the purple one was easier, it stayed with a colored number longer instead of switching as much","blue",6,2,7,5,1,8,6,8,4,6,"Moderate Disagreement","Moderate Disagreement","Moderate Agreement","Slight Agreement","Strong Agreement","Moderate Disagreement","Strong Agreement","Moderate Agreement","Moderate Agreement","Slight Agreement","Slight Agreement","Moderate Disagreement","Moderate Disagreement","Slight Agreement","Moderate Disagreement","Strong Agreement","Strong Disagreement","Strong Disagreement",NA
"97717",76717,"ScjmfTA5QGWp",0,3,"magnitude","switch",1,69,623.250000000582,669950,69,1,"purple","54","male",NA,"the purple one","the purple one was easier, it stayed with a colored number longer instead of switching as much","blue",6,2,7,5,1,8,6,8,4,6,"Moderate Disagreement","Moderate Disagreement","Moderate Agreement","Slight Agreement","Strong Agreement","Moderate Disagreement","Strong Agreement","Moderate Agreement","Moderate Agreement","Slight Agreement","Slight Agreement","Moderate Disagreement","Moderate Disagreement","Slight Agreement","Moderate Disagreement","Strong Agreement","Strong Disagreement","Strong Disagreement",NA
"97718",76718,"ScjmfTA5QGWp",0,3,"magnitude","repeat",6,73,1192.03999999806,671643,73,1,"purple","54","male",NA,"the purple one","the purple one was easier, it stayed with a colored number longer instead of switching as much","blue",6,2,7,5,1,8,6,8,4,6,"Moderate Disagreement","Moderate Disagreement","Moderate Agreement","Slight Agreement","Strong Agreement","Moderate Disagreement","Strong Agreement","Moderate Agreement","Moderate Agreement","Slight Agreement","Slight Agreement","Moderate Disagreement","Moderate Disagreement","Slight Agreement","Moderate Disagreement","Strong Agreement","Strong Disagreement","Strong Disagreement",NA
"97719",76719,"ScjmfTA5QGWp",0,3,"parity","switch",9,73,825.549999997718,672969,73,1,"purple","54","male",NA,"the purple one","the purple one was easier, it stayed with a colored number longer instead of switching as much","blue",6,2,7,5,1,8,6,8,4,6,"Moderate Disagreement","Moderate Disagreement","Moderate Agreement","Slight Agreement","Strong Agreement","Moderate Disagreement","Strong Agreement","Moderate Agreement","Moderate Agreement","Slight Agreement","Slight Agreement","Moderate Disagreement","Moderate Disagreement","Slight Agreement","Moderate Disagreement","Strong Agreement","Strong Disagreement","Strong Disagreement",NA
"97720",76720,"ScjmfTA5QGWp",0,3,"magnitude","switch",2,69,603.610000001965,674074,69,1,"purple","54","male",NA,"the purple one","the purple one was easier, it stayed with a colored number longer instead of switching as much","blue",6,2,7,5,1,8,6,8,4,6,"Moderate Disagreement","Moderate Disagreement","Moderate Agreement","Slight Agreement","Strong Agreement","Moderate Disagreement","Strong Agreement","Moderate Agreement","Moderate Agreement","Slight Agreement","Slight Agreement","Moderate Disagreement","Moderate Disagreement","Slight Agreement","Moderate Disagreement","Strong Agreement","Strong Disagreement","Strong Disagreement",NA
"97721",76721,"ScjmfTA5QGWp",0,3,"parity","switch",9,73,730.475000000326,675305,73,1,"purple","54","male",NA,"the purple one","the purple one was easier, it stayed with a colored number longer instead of switching as much","blue",6,2,7,5,1,8,6,8,4,6,"Moderate Disagreement","Moderate Disagreement","Moderate Agreement","Slight Agreement","Strong Agreement","Moderate Disagreement","Strong Agreement","Moderate Agreement","Moderate Agreement","Slight Agreement","Slight Agreement","Moderate Disagreement","Moderate Disagreement","Slight Agreement","Moderate Disagreement","Strong Agreement","Strong Disagreement","Strong Disagreement",NA
"97722",76722,"ScjmfTA5QGWp",0,3,"magnitude","switch",9,73,1627.34500000079,677433,73,1,"purple","54","male",NA,"the purple one","the purple one was easier, it stayed with a colored number longer instead of switching as much","blue",6,2,7,5,1,8,6,8,4,6,"Moderate Disagreement","Moderate Disagreement","Moderate Agreement","Slight Agreement","Strong Agreement","Moderate Disagreement","Strong Agreement","Moderate Agreement","Moderate Agreement","Slight Agreement","Slight Agreement","Moderate Disagreement","Moderate Disagreement","Slight Agreement","Moderate Disagreement","Strong Agreement","Strong Disagreement","Strong Disagreement",NA
"97723",76723,"ScjmfTA5QGWp",0,3,"magnitude","repeat",7,73,1595.51999999897,679530,73,1,"purple","54","male",NA,"the purple one","the purple one was easier, it stayed with a colored number longer instead of switching as much","blue",6,2,7,5,1,8,6,8,4,6,"Moderate Disagreement","Moderate Disagreement","Moderate Agreement","Slight Agreement","Strong Agreement","Moderate Disagreement","Strong Agreement","Moderate Agreement","Moderate Agreement","Slight Agreement","Slight Agreement","Moderate Disagreement","Moderate Disagreement","Slight Agreement","Moderate Disagreement","Strong Agreement","Strong Disagreement","Strong Disagreement",NA
"97724",76724,"ScjmfTA5QGWp",0,3,"parity","switch",6,69,811.615000002435,680842,69,1,"purple","54","male",NA,"the purple one","the purple one was easier, it stayed with a colored number longer instead of switching as much","blue",6,2,7,5,1,8,6,8,4,6,"Moderate Disagreement","Moderate Disagreement","Moderate Agreement","Slight Agreement","Strong Agreement","Moderate Disagreement","Strong Agreement","Moderate Agreement","Moderate Agreement","Slight Agreement","Slight Agreement","Moderate Disagreement","Moderate Disagreement","Slight Agreement","Moderate Disagreement","Strong Agreement","Strong Disagreement","Strong Disagreement",NA
"97725",76725,"ScjmfTA5QGWp",0,3,"magnitude","switch",7,73,762.060000000987,682105,73,1,"purple","54","male",NA,"the purple one","the purple one was easier, it stayed with a colored number longer instead of switching as much","blue",6,2,7,5,1,8,6,8,4,6,"Moderate Disagreement","Moderate Disagreement","Moderate Agreement","Slight Agreement","Strong Agreement","Moderate Disagreement","Strong Agreement","Moderate Agreement","Moderate Agreement","Slight Agreement","Slight Agreement","Moderate Disagreement","Moderate Disagreement","Slight Agreement","Moderate Disagreement","Strong Agreement","Strong Disagreement","Strong Disagreement",NA
"97726",76726,"ScjmfTA5QGWp",0,4,"parity",NA,9,73,1274.75000000047,704329,73,1,"purple","54","male",NA,"the purple one","the purple one was easier, it stayed with a colored number longer instead of switching as much","blue",6,2,7,5,1,8,6,8,4,6,"Moderate Disagreement","Moderate Disagreement","Moderate Agreement","Slight Agreement","Strong Agreement","Moderate Disagreement","Strong Agreement","Moderate Agreement","Moderate Agreement","Slight Agreement","Slight Agreement","Moderate Disagreement","Moderate Disagreement","Slight Agreement","Moderate Disagreement","Strong Agreement","Strong Disagreement","Strong Disagreement",NA
"97727",76727,"ScjmfTA5QGWp",0,4,"parity","repeat",4,69,1370.7150000009,706201,69,1,"purple","54","male",NA,"the purple one","the purple one was easier, it stayed with a colored number longer instead of switching as much","blue",6,2,7,5,1,8,6,8,4,6,"Moderate Disagreement","Moderate Disagreement","Moderate Agreement","Slight Agreement","Strong Agreement","Moderate Disagreement","Strong Agreement","Moderate Agreement","Moderate Agreement","Slight Agreement","Slight Agreement","Moderate Disagreement","Moderate Disagreement","Slight Agreement","Moderate Disagreement","Strong Agreement","Strong Disagreement","Strong Disagreement",NA
"97728",76728,"ScjmfTA5QGWp",0,4,"parity","repeat",8,69,858.580000000075,707561,69,1,"purple","54","male",NA,"the purple one","the purple one was easier, it stayed with a colored number longer instead of switching as much","blue",6,2,7,5,1,8,6,8,4,6,"Moderate Disagreement","Moderate Disagreement","Moderate Agreement","Slight Agreement","Strong Agreement","Moderate Disagreement","Strong Agreement","Moderate Agreement","Moderate Agreement","Slight Agreement","Slight Agreement","Moderate Disagreement","Moderate Disagreement","Slight Agreement","Moderate Disagreement","Strong Agreement","Strong Disagreement","Strong Disagreement",NA
"97729",76729,"ScjmfTA5QGWp",0,4,"parity","repeat",3,73,1130.61000000022,709193,73,1,"purple","54","male",NA,"the purple one","the purple one was easier, it stayed with a colored number longer instead of switching as much","blue",6,2,7,5,1,8,6,8,4,6,"Moderate Disagreement","Moderate Disagreement","Moderate Agreement","Slight Agreement","Strong Agreement","Moderate Disagreement","Strong Agreement","Moderate Agreement","Moderate Agreement","Slight Agreement","Slight Agreement","Moderate Disagreement","Moderate Disagreement","Slight Agreement","Moderate Disagreement","Strong Agreement","Strong Disagreement","Strong Disagreement",NA
"97730",76730,"ScjmfTA5QGWp",0,4,"parity","repeat",8,69,715.325000001001,710409,69,1,"purple","54","male",NA,"the purple one","the purple one was easier, it stayed with a colored number longer instead of switching as much","blue",6,2,7,5,1,8,6,8,4,6,"Moderate Disagreement","Moderate Disagreement","Moderate Agreement","Slight Agreement","Strong Agreement","Moderate Disagreement","Strong Agreement","Moderate Agreement","Moderate Agreement","Slight Agreement","Slight Agreement","Moderate Disagreement","Moderate Disagreement","Slight Agreement","Moderate Disagreement","Strong Agreement","Strong Disagreement","Strong Disagreement",NA
"97731",76731,"ScjmfTA5QGWp",0,4,"parity","repeat",8,69,795.555000000633,711705,69,1,"purple","54","male",NA,"the purple one","the purple one was easier, it stayed with a colored number longer instead of switching as much","blue",6,2,7,5,1,8,6,8,4,6,"Moderate Disagreement","Moderate Disagreement","Moderate Agreement","Slight Agreement","Strong Agreement","Moderate Disagreement","Strong Agreement","Moderate Agreement","Moderate Agreement","Slight Agreement","Slight Agreement","Moderate Disagreement","Moderate Disagreement","Slight Agreement","Moderate Disagreement","Strong Agreement","Strong Disagreement","Strong Disagreement",NA
"97732",76732,"ScjmfTA5QGWp",0,4,"parity","repeat",6,69,698.589999999967,712905,69,1,"purple","54","male",NA,"the purple one","the purple one was easier, it stayed with a colored number longer instead of switching as much","blue",6,2,7,5,1,8,6,8,4,6,"Moderate Disagreement","Moderate Disagreement","Moderate Agreement","Slight Agreement","Strong Agreement","Moderate Disagreement","Strong Agreement","Moderate Agreement","Moderate Agreement","Slight Agreement","Slight Agreement","Moderate Disagreement","Moderate Disagreement","Slight Agreement","Moderate Disagreement","Strong Agreement","Strong Disagreement","Strong Disagreement",NA
"97733",76733,"ScjmfTA5QGWp",0,4,"parity","repeat",1,73,1434.25999999815,714841,73,1,"purple","54","male",NA,"the purple one","the purple one was easier, it stayed with a colored number longer instead of switching as much","blue",6,2,7,5,1,8,6,8,4,6,"Moderate Disagreement","Moderate Disagreement","Moderate Agreement","Slight Agreement","Strong Agreement","Moderate Disagreement","Strong Agreement","Moderate Agreement","Moderate Agreement","Slight Agreement","Slight Agreement","Moderate Disagreement","Moderate Disagreement","Slight Agreement","Moderate Disagreement","Strong Agreement","Strong Disagreement","Strong Disagreement",NA
"97734",76734,"ScjmfTA5QGWp",0,4,"parity","repeat",3,73,715.164999997825,716057,73,1,"purple","54","male",NA,"the purple one","the purple one was easier, it stayed with a colored number longer instead of switching as much","blue",6,2,7,5,1,8,6,8,4,6,"Moderate Disagreement","Moderate Disagreement","Moderate Agreement","Slight Agreement","Strong Agreement","Moderate Disagreement","Strong Agreement","Moderate Agreement","Moderate Agreement","Slight Agreement","Slight Agreement","Moderate Disagreement","Moderate Disagreement","Slight Agreement","Moderate Disagreement","Strong Agreement","Strong Disagreement","Strong Disagreement",NA
"97735",76735,"ScjmfTA5QGWp",0,4,"parity","repeat",9,73,1147.05999999936,717705,73,1,"purple","54","male",NA,"the purple one","the purple one was easier, it stayed with a colored number longer instead of switching as much","blue",6,2,7,5,1,8,6,8,4,6,"Moderate Disagreement","Moderate Disagreement","Moderate Agreement","Slight Agreement","Strong Agreement","Moderate Disagreement","Strong Agreement","Moderate Agreement","Moderate Agreement","Slight Agreement","Slight Agreement","Moderate Disagreement","Moderate Disagreement","Slight Agreement","Moderate Disagreement","Strong Agreement","Strong Disagreement","Strong Disagreement",NA
"97736",76736,"ScjmfTA5QGWp",0,4,"parity","repeat",2,69,763.084999998682,718969,69,1,"purple","54","male",NA,"the purple one","the purple one was easier, it stayed with a colored number longer instead of switching as much","blue",6,2,7,5,1,8,6,8,4,6,"Moderate Disagreement","Moderate Disagreement","Moderate Agreement","Slight Agreement","Strong Agreement","Moderate Disagreement","Strong Agreement","Moderate Agreement","Moderate Agreement","Slight Agreement","Slight Agreement","Moderate Disagreement","Moderate Disagreement","Slight Agreement","Moderate Disagreement","Strong Agreement","Strong Disagreement","Strong Disagreement",NA
"97737",76737,"ScjmfTA5QGWp",0,4,"parity","repeat",4,69,603.329999998095,720074,69,1,"purple","54","male",NA,"the purple one","the purple one was easier, it stayed with a colored number longer instead of switching as much","blue",6,2,7,5,1,8,6,8,4,6,"Moderate Disagreement","Moderate Disagreement","Moderate Agreement","Slight Agreement","Strong Agreement","Moderate Disagreement","Strong Agreement","Moderate Agreement","Moderate Agreement","Slight Agreement","Slight Agreement","Moderate Disagreement","Moderate Disagreement","Slight Agreement","Moderate Disagreement","Strong Agreement","Strong Disagreement","Strong Disagreement",NA
"97738",76738,"ScjmfTA5QGWp",0,4,"magnitude","switch",9,73,730.749999998836,721305,73,1,"purple","54","male",NA,"the purple one","the purple one was easier, it stayed with a colored number longer instead of switching as much","blue",6,2,7,5,1,8,6,8,4,6,"Moderate Disagreement","Moderate Disagreement","Moderate Agreement","Slight Agreement","Strong Agreement","Moderate Disagreement","Strong Agreement","Moderate Agreement","Moderate Agreement","Slight Agreement","Slight Agreement","Moderate Disagreement","Moderate Disagreement","Slight Agreement","Moderate Disagreement","Strong Agreement","Strong Disagreement","Strong Disagreement",NA
"97739",76739,"ScjmfTA5QGWp",0,4,"magnitude","repeat",6,73,826.724999999045,722634,73,1,"purple","54","male",NA,"the purple one","the purple one was easier, it stayed with a colored number longer instead of switching as much","blue",6,2,7,5,1,8,6,8,4,6,"Moderate Disagreement","Moderate Disagreement","Moderate Agreement","Slight Agreement","Strong Agreement","Moderate Disagreement","Strong Agreement","Moderate Agreement","Moderate Agreement","Slight Agreement","Slight Agreement","Moderate Disagreement","Moderate Disagreement","Slight Agreement","Moderate Disagreement","Strong Agreement","Strong Disagreement","Strong Disagreement",NA
"97740",76740,"ScjmfTA5QGWp",0,4,"magnitude","repeat",2,69,618.995000000694,723754,69,1,"purple","54","male",NA,"the purple one","the purple one was easier, it stayed with a colored number longer instead of switching as much","blue",6,2,7,5,1,8,6,8,4,6,"Moderate Disagreement","Moderate Disagreement","Moderate Agreement","Slight Agreement","Strong Agreement","Moderate Disagreement","Strong Agreement","Moderate Agreement","Moderate Agreement","Slight Agreement","Slight Agreement","Moderate Disagreement","Moderate Disagreement","Slight Agreement","Moderate Disagreement","Strong Agreement","Strong Disagreement","Strong Disagreement",NA
"97741",76741,"ScjmfTA5QGWp",0,4,"magnitude","repeat",8,73,698.515000000014,724954,73,1,"purple","54","male",NA,"the purple one","the purple one was easier, it stayed with a colored number longer instead of switching as much","blue",6,2,7,5,1,8,6,8,4,6,"Moderate Disagreement","Moderate Disagreement","Moderate Agreement","Slight Agreement","Strong Agreement","Moderate Disagreement","Strong Agreement","Moderate Agreement","Moderate Agreement","Slight Agreement","Slight Agreement","Moderate Disagreement","Moderate Disagreement","Slight Agreement","Moderate Disagreement","Strong Agreement","Strong Disagreement","Strong Disagreement",NA
"97742",76742,"ScjmfTA5QGWp",0,4,"magnitude","repeat",1,69,810.525000000838,726266,69,1,"purple","54","male",NA,"the purple one","the purple one was easier, it stayed with a colored number longer instead of switching as much","blue",6,2,7,5,1,8,6,8,4,6,"Moderate Disagreement","Moderate Disagreement","Moderate Agreement","Slight Agreement","Strong Agreement","Moderate Disagreement","Strong Agreement","Moderate Agreement","Moderate Agreement","Slight Agreement","Slight Agreement","Moderate Disagreement","Moderate Disagreement","Slight Agreement","Moderate Disagreement","Strong Agreement","Strong Disagreement","Strong Disagreement",NA
"97743",76743,"ScjmfTA5QGWp",0,4,"magnitude","repeat",2,69,635.205000002286,727402,69,1,"purple","54","male",NA,"the purple one","the purple one was easier, it stayed with a colored number longer instead of switching as much","blue",6,2,7,5,1,8,6,8,4,6,"Moderate Disagreement","Moderate Disagreement","Moderate Agreement","Slight Agreement","Strong Agreement","Moderate Disagreement","Strong Agreement","Moderate Agreement","Moderate Agreement","Slight Agreement","Slight Agreement","Moderate Disagreement","Moderate Disagreement","Slight Agreement","Moderate Disagreement","Strong Agreement","Strong Disagreement","Strong Disagreement",NA
"97744",76744,"ScjmfTA5QGWp",0,4,"magnitude","repeat",7,73,651.454999999143,728554,73,1,"purple","54","male",NA,"the purple one","the purple one was easier, it stayed with a colored number longer instead of switching as much","blue",6,2,7,5,1,8,6,8,4,6,"Moderate Disagreement","Moderate Disagreement","Moderate Agreement","Slight Agreement","Strong Agreement","Moderate Disagreement","Strong Agreement","Moderate Agreement","Moderate Agreement","Slight Agreement","Slight Agreement","Moderate Disagreement","Moderate Disagreement","Slight Agreement","Moderate Disagreement","Strong Agreement","Strong Disagreement","Strong Disagreement",NA
"97745",76745,"ScjmfTA5QGWp",0,4,"parity","switch",7,73,987.284999999218,730042,73,1,"purple","54","male",NA,"the purple one","the purple one was easier, it stayed with a colored number longer instead of switching as much","blue",6,2,7,5,1,8,6,8,4,6,"Moderate Disagreement","Moderate Disagreement","Moderate Agreement","Slight Agreement","Strong Agreement","Moderate Disagreement","Strong Agreement","Moderate Agreement","Moderate Agreement","Slight Agreement","Slight Agreement","Moderate Disagreement","Moderate Disagreement","Slight Agreement","Moderate Disagreement","Strong Agreement","Strong Disagreement","Strong Disagreement",NA
"97746",76746,"ScjmfTA5QGWp",0,4,"parity","repeat",8,73,891.160000002827,731434,69,0,"purple","54","male",NA,"the purple one","the purple one was easier, it stayed with a colored number longer instead of switching as much","blue",6,2,7,5,1,8,6,8,4,6,"Moderate Disagreement","Moderate Disagreement","Moderate Agreement","Slight Agreement","Strong Agreement","Moderate Disagreement","Strong Agreement","Moderate Agreement","Moderate Agreement","Slight Agreement","Slight Agreement","Moderate Disagreement","Moderate Disagreement","Slight Agreement","Moderate Disagreement","Strong Agreement","Strong Disagreement","Strong Disagreement",NA
"97747",76747,"ScjmfTA5QGWp",0,4,"parity","repeat",1,73,939.300000001909,732874,73,1,"purple","54","male",NA,"the purple one","the purple one was easier, it stayed with a colored number longer instead of switching as much","blue",6,2,7,5,1,8,6,8,4,6,"Moderate Disagreement","Moderate Disagreement","Moderate Agreement","Slight Agreement","Strong Agreement","Moderate Disagreement","Strong Agreement","Moderate Agreement","Moderate Agreement","Slight Agreement","Slight Agreement","Moderate Disagreement","Moderate Disagreement","Slight Agreement","Moderate Disagreement","Strong Agreement","Strong Disagreement","Strong Disagreement",NA
"97748",76748,"ScjmfTA5QGWp",0,4,"parity","repeat",2,69,619.285000000731,733994,69,1,"purple","54","male",NA,"the purple one","the purple one was easier, it stayed with a colored number longer instead of switching as much","blue",6,2,7,5,1,8,6,8,4,6,"Moderate Disagreement","Moderate Disagreement","Moderate Agreement","Slight Agreement","Strong Agreement","Moderate Disagreement","Strong Agreement","Moderate Agreement","Moderate Agreement","Slight Agreement","Slight Agreement","Moderate Disagreement","Moderate Disagreement","Slight Agreement","Moderate Disagreement","Strong Agreement","Strong Disagreement","Strong Disagreement",NA
"97749",76749,"ScjmfTA5QGWp",0,4,"parity","repeat",6,69,683.019999996759,735178,69,1,"purple","54","male",NA,"the purple one","the purple one was easier, it stayed with a colored number longer instead of switching as much","blue",6,2,7,5,1,8,6,8,4,6,"Moderate Disagreement","Moderate Disagreement","Moderate Agreement","Slight Agreement","Strong Agreement","Moderate Disagreement","Strong Agreement","Moderate Agreement","Moderate Agreement","Slight Agreement","Slight Agreement","Moderate Disagreement","Moderate Disagreement","Slight Agreement","Moderate Disagreement","Strong Agreement","Strong Disagreement","Strong Disagreement",NA
"97750",76750,"ScjmfTA5QGWp",0,4,"magnitude","switch",8,73,635.089999999735,736314,73,1,"purple","54","male",NA,"the purple one","the purple one was easier, it stayed with a colored number longer instead of switching as much","blue",6,2,7,5,1,8,6,8,4,6,"Moderate Disagreement","Moderate Disagreement","Moderate Agreement","Slight Agreement","Strong Agreement","Moderate Disagreement","Strong Agreement","Moderate Agreement","Moderate Agreement","Slight Agreement","Slight Agreement","Moderate Disagreement","Moderate Disagreement","Slight Agreement","Moderate Disagreement","Strong Agreement","Strong Disagreement","Strong Disagreement",NA
"97751",76751,"ScjmfTA5QGWp",0,4,"magnitude","repeat",7,73,1226.87500000023,738042,73,1,"purple","54","male",NA,"the purple one","the purple one was easier, it stayed with a colored number longer instead of switching as much","blue",6,2,7,5,1,8,6,8,4,6,"Moderate Disagreement","Moderate Disagreement","Moderate Agreement","Slight Agreement","Strong Agreement","Moderate Disagreement","Strong Agreement","Moderate Agreement","Moderate Agreement","Slight Agreement","Slight Agreement","Moderate Disagreement","Moderate Disagreement","Slight Agreement","Moderate Disagreement","Strong Agreement","Strong Disagreement","Strong Disagreement",NA
"97752",76752,"ScjmfTA5QGWp",0,4,"magnitude","repeat",2,69,651.050000000396,739194,69,1,"purple","54","male",NA,"the purple one","the purple one was easier, it stayed with a colored number longer instead of switching as much","blue",6,2,7,5,1,8,6,8,4,6,"Moderate Disagreement","Moderate Disagreement","Moderate Agreement","Slight Agreement","Strong Agreement","Moderate Disagreement","Strong Agreement","Moderate Agreement","Moderate Agreement","Slight Agreement","Slight Agreement","Moderate Disagreement","Moderate Disagreement","Slight Agreement","Moderate Disagreement","Strong Agreement","Strong Disagreement","Strong Disagreement",NA
"97753",76753,"ScjmfTA5QGWp",0,4,"parity","switch",7,73,1066.72500000056,740762,73,1,"purple","54","male",NA,"the purple one","the purple one was easier, it stayed with a colored number longer instead of switching as much","blue",6,2,7,5,1,8,6,8,4,6,"Moderate Disagreement","Moderate Disagreement","Moderate Agreement","Slight Agreement","Strong Agreement","Moderate Disagreement","Strong Agreement","Moderate Agreement","Moderate Agreement","Slight Agreement","Slight Agreement","Moderate Disagreement","Moderate Disagreement","Slight Agreement","Moderate Disagreement","Strong Agreement","Strong Disagreement","Strong Disagreement",NA
"97754",76754,"ScjmfTA5QGWp",0,4,"parity","repeat",6,69,618.660000000033,741882,69,1,"purple","54","male",NA,"the purple one","the purple one was easier, it stayed with a colored number longer instead of switching as much","blue",6,2,7,5,1,8,6,8,4,6,"Moderate Disagreement","Moderate Disagreement","Moderate Agreement","Slight Agreement","Strong Agreement","Moderate Disagreement","Strong Agreement","Moderate Agreement","Moderate Agreement","Slight Agreement","Slight Agreement","Moderate Disagreement","Moderate Disagreement","Slight Agreement","Moderate Disagreement","Strong Agreement","Strong Disagreement","Strong Disagreement",NA
"97755",76755,"ScjmfTA5QGWp",0,4,"parity","repeat",3,73,666.584999999031,743050,73,1,"purple","54","male",NA,"the purple one","the purple one was easier, it stayed with a colored number longer instead of switching as much","blue",6,2,7,5,1,8,6,8,4,6,"Moderate Disagreement","Moderate Disagreement","Moderate Agreement","Slight Agreement","Strong Agreement","Moderate Disagreement","Strong Agreement","Moderate Agreement","Moderate Agreement","Slight Agreement","Slight Agreement","Moderate Disagreement","Moderate Disagreement","Slight Agreement","Moderate Disagreement","Strong Agreement","Strong Disagreement","Strong Disagreement",NA
"97756",76756,"ScjmfTA5QGWp",0,4,"magnitude","switch",9,73,747.749999998603,744298,73,1,"purple","54","male",NA,"the purple one","the purple one was easier, it stayed with a colored number longer instead of switching as much","blue",6,2,7,5,1,8,6,8,4,6,"Moderate Disagreement","Moderate Disagreement","Moderate Agreement","Slight Agreement","Strong Agreement","Moderate Disagreement","Strong Agreement","Moderate Agreement","Moderate Agreement","Slight Agreement","Slight Agreement","Moderate Disagreement","Moderate Disagreement","Slight Agreement","Moderate Disagreement","Strong Agreement","Strong Disagreement","Strong Disagreement",NA
"97757",76757,"ScjmfTA5QGWp",0,4,"magnitude","repeat",1,69,682.575000002515,745482,69,1,"purple","54","male",NA,"the purple one","the purple one was easier, it stayed with a colored number longer instead of switching as much","blue",6,2,7,5,1,8,6,8,4,6,"Moderate Disagreement","Moderate Disagreement","Moderate Agreement","Slight Agreement","Strong Agreement","Moderate Disagreement","Strong Agreement","Moderate Agreement","Moderate Agreement","Slight Agreement","Slight Agreement","Moderate Disagreement","Moderate Disagreement","Slight Agreement","Moderate Disagreement","Strong Agreement","Strong Disagreement","Strong Disagreement",NA
"97758",76758,"ScjmfTA5QGWp",0,4,"magnitude","repeat",8,73,1050.40000000014,747034,73,1,"purple","54","male",NA,"the purple one","the purple one was easier, it stayed with a colored number longer instead of switching as much","blue",6,2,7,5,1,8,6,8,4,6,"Moderate Disagreement","Moderate Disagreement","Moderate Agreement","Slight Agreement","Strong Agreement","Moderate Disagreement","Strong Agreement","Moderate Agreement","Moderate Agreement","Slight Agreement","Slight Agreement","Moderate Disagreement","Moderate Disagreement","Slight Agreement","Moderate Disagreement","Strong Agreement","Strong Disagreement","Strong Disagreement",NA
"97759",76759,"ScjmfTA5QGWp",0,4,"magnitude","repeat",1,69,587.400000000373,748122,69,1,"purple","54","male",NA,"the purple one","the purple one was easier, it stayed with a colored number longer instead of switching as much","blue",6,2,7,5,1,8,6,8,4,6,"Moderate Disagreement","Moderate Disagreement","Moderate Agreement","Slight Agreement","Strong Agreement","Moderate Disagreement","Strong Agreement","Moderate Agreement","Moderate Agreement","Slight Agreement","Slight Agreement","Moderate Disagreement","Moderate Disagreement","Slight Agreement","Moderate Disagreement","Strong Agreement","Strong Disagreement","Strong Disagreement",NA
"97760",76760,"ScjmfTA5QGWp",0,4,"magnitude","repeat",6,73,987.150000000838,749610,73,1,"purple","54","male",NA,"the purple one","the purple one was easier, it stayed with a colored number longer instead of switching as much","blue",6,2,7,5,1,8,6,8,4,6,"Moderate Disagreement","Moderate Disagreement","Moderate Agreement","Slight Agreement","Strong Agreement","Moderate Disagreement","Strong Agreement","Moderate Agreement","Moderate Agreement","Slight Agreement","Slight Agreement","Moderate Disagreement","Moderate Disagreement","Slight Agreement","Moderate Disagreement","Strong Agreement","Strong Disagreement","Strong Disagreement",NA
"97761",76761,"ScjmfTA5QGWp",0,4,"magnitude","repeat",4,69,667.255000000354,750778,69,1,"purple","54","male",NA,"the purple one","the purple one was easier, it stayed with a colored number longer instead of switching as much","blue",6,2,7,5,1,8,6,8,4,6,"Moderate Disagreement","Moderate Disagreement","Moderate Agreement","Slight Agreement","Strong Agreement","Moderate Disagreement","Strong Agreement","Moderate Agreement","Moderate Agreement","Slight Agreement","Slight Agreement","Moderate Disagreement","Moderate Disagreement","Slight Agreement","Moderate Disagreement","Strong Agreement","Strong Disagreement","Strong Disagreement",NA
"97762",76762,"ScjmfTA5QGWp",0,4,"magnitude","repeat",3,69,635.050000000745,751914,69,1,"purple","54","male",NA,"the purple one","the purple one was easier, it stayed with a colored number longer instead of switching as much","blue",6,2,7,5,1,8,6,8,4,6,"Moderate Disagreement","Moderate Disagreement","Moderate Agreement","Slight Agreement","Strong Agreement","Moderate Disagreement","Strong Agreement","Moderate Agreement","Moderate Agreement","Slight Agreement","Slight Agreement","Moderate Disagreement","Moderate Disagreement","Slight Agreement","Moderate Disagreement","Strong Agreement","Strong Disagreement","Strong Disagreement",NA
"97763",76763,"ScjmfTA5QGWp",0,4,"parity","switch",1,73,763.00500000082,753178,73,1,"purple","54","male",NA,"the purple one","the purple one was easier, it stayed with a colored number longer instead of switching as much","blue",6,2,7,5,1,8,6,8,4,6,"Moderate Disagreement","Moderate Disagreement","Moderate Agreement","Slight Agreement","Strong Agreement","Moderate Disagreement","Strong Agreement","Moderate Agreement","Moderate Agreement","Slight Agreement","Slight Agreement","Moderate Disagreement","Moderate Disagreement","Slight Agreement","Moderate Disagreement","Strong Agreement","Strong Disagreement","Strong Disagreement",NA
"97764",76764,"ScjmfTA5QGWp",0,4,"parity","repeat",1,73,570.900000002468,754250,73,1,"purple","54","male",NA,"the purple one","the purple one was easier, it stayed with a colored number longer instead of switching as much","blue",6,2,7,5,1,8,6,8,4,6,"Moderate Disagreement","Moderate Disagreement","Moderate Agreement","Slight Agreement","Strong Agreement","Moderate Disagreement","Strong Agreement","Moderate Agreement","Moderate Agreement","Slight Agreement","Slight Agreement","Moderate Disagreement","Moderate Disagreement","Slight Agreement","Moderate Disagreement","Strong Agreement","Strong Disagreement","Strong Disagreement",NA
"97765",76765,"ScjmfTA5QGWp",0,4,"parity","repeat",6,69,827.08999999892,755578,69,1,"purple","54","male",NA,"the purple one","the purple one was easier, it stayed with a colored number longer instead of switching as much","blue",6,2,7,5,1,8,6,8,4,6,"Moderate Disagreement","Moderate Disagreement","Moderate Agreement","Slight Agreement","Strong Agreement","Moderate Disagreement","Strong Agreement","Moderate Agreement","Moderate Agreement","Slight Agreement","Slight Agreement","Moderate Disagreement","Moderate Disagreement","Slight Agreement","Moderate Disagreement","Strong Agreement","Strong Disagreement","Strong Disagreement",NA
"97766",76766,"ScjmfTA5QGWp",0,4,"parity","repeat",9,73,655.894999999902,756735,73,1,"purple","54","male",NA,"the purple one","the purple one was easier, it stayed with a colored number longer instead of switching as much","blue",6,2,7,5,1,8,6,8,4,6,"Moderate Disagreement","Moderate Disagreement","Moderate Agreement","Slight Agreement","Strong Agreement","Moderate Disagreement","Strong Agreement","Moderate Agreement","Moderate Agreement","Slight Agreement","Slight Agreement","Moderate Disagreement","Moderate Disagreement","Slight Agreement","Moderate Disagreement","Strong Agreement","Strong Disagreement","Strong Disagreement",NA
"97767",76767,"ScjmfTA5QGWp",0,4,"parity","repeat",4,69,870.545000001555,758107,69,1,"purple","54","male",NA,"the purple one","the purple one was easier, it stayed with a colored number longer instead of switching as much","blue",6,2,7,5,1,8,6,8,4,6,"Moderate Disagreement","Moderate Disagreement","Moderate Agreement","Slight Agreement","Strong Agreement","Moderate Disagreement","Strong Agreement","Moderate Agreement","Moderate Agreement","Slight Agreement","Slight Agreement","Moderate Disagreement","Moderate Disagreement","Slight Agreement","Moderate Disagreement","Strong Agreement","Strong Disagreement","Strong Disagreement",NA
"97768",76768,"ScjmfTA5QGWp",0,4,"parity","repeat",9,73,650.555000000168,759258,73,1,"purple","54","male",NA,"the purple one","the purple one was easier, it stayed with a colored number longer instead of switching as much","blue",6,2,7,5,1,8,6,8,4,6,"Moderate Disagreement","Moderate Disagreement","Moderate Agreement","Slight Agreement","Strong Agreement","Moderate Disagreement","Strong Agreement","Moderate Agreement","Moderate Agreement","Slight Agreement","Slight Agreement","Moderate Disagreement","Moderate Disagreement","Slight Agreement","Moderate Disagreement","Strong Agreement","Strong Disagreement","Strong Disagreement",NA
"97769",76769,"ScjmfTA5QGWp",0,4,"parity","repeat",4,69,618.59000000183,760378,69,1,"purple","54","male",NA,"the purple one","the purple one was easier, it stayed with a colored number longer instead of switching as much","blue",6,2,7,5,1,8,6,8,4,6,"Moderate Disagreement","Moderate Disagreement","Moderate Agreement","Slight Agreement","Strong Agreement","Moderate Disagreement","Strong Agreement","Moderate Agreement","Moderate Agreement","Slight Agreement","Slight Agreement","Moderate Disagreement","Moderate Disagreement","Slight Agreement","Moderate Disagreement","Strong Agreement","Strong Disagreement","Strong Disagreement",NA
"97770",76770,"ScjmfTA5QGWp",0,4,"parity","repeat",8,69,746.569999999367,761626,69,1,"purple","54","male",NA,"the purple one","the purple one was easier, it stayed with a colored number longer instead of switching as much","blue",6,2,7,5,1,8,6,8,4,6,"Moderate Disagreement","Moderate Disagreement","Moderate Agreement","Slight Agreement","Strong Agreement","Moderate Disagreement","Strong Agreement","Moderate Agreement","Moderate Agreement","Slight Agreement","Slight Agreement","Moderate Disagreement","Moderate Disagreement","Slight Agreement","Moderate Disagreement","Strong Agreement","Strong Disagreement","Strong Disagreement",NA
"97771",76771,"ScjmfTA5QGWp",0,4,"parity","repeat",1,73,698.52499999979,762826,73,1,"purple","54","male",NA,"the purple one","the purple one was easier, it stayed with a colored number longer instead of switching as much","blue",6,2,7,5,1,8,6,8,4,6,"Moderate Disagreement","Moderate Disagreement","Moderate Agreement","Slight Agreement","Strong Agreement","Moderate Disagreement","Strong Agreement","Moderate Agreement","Moderate Agreement","Slight Agreement","Slight Agreement","Moderate Disagreement","Moderate Disagreement","Slight Agreement","Moderate Disagreement","Strong Agreement","Strong Disagreement","Strong Disagreement",NA
"97772",76772,"ScjmfTA5QGWp",0,4,"parity","repeat",3,73,603.335000003455,763930,73,1,"purple","54","male",NA,"the purple one","the purple one was easier, it stayed with a colored number longer instead of switching as much","blue",6,2,7,5,1,8,6,8,4,6,"Moderate Disagreement","Moderate Disagreement","Moderate Agreement","Slight Agreement","Strong Agreement","Moderate Disagreement","Strong Agreement","Moderate Agreement","Moderate Agreement","Slight Agreement","Slight Agreement","Moderate Disagreement","Moderate Disagreement","Slight Agreement","Moderate Disagreement","Strong Agreement","Strong Disagreement","Strong Disagreement",NA
"97773",76773,"ScjmfTA5QGWp",0,4,"parity","repeat",2,69,651.290000001667,765082,69,1,"purple","54","male",NA,"the purple one","the purple one was easier, it stayed with a colored number longer instead of switching as much","blue",6,2,7,5,1,8,6,8,4,6,"Moderate Disagreement","Moderate Disagreement","Moderate Agreement","Slight Agreement","Strong Agreement","Moderate Disagreement","Strong Agreement","Moderate Agreement","Moderate Agreement","Slight Agreement","Slight Agreement","Moderate Disagreement","Moderate Disagreement","Slight Agreement","Moderate Disagreement","Strong Agreement","Strong Disagreement","Strong Disagreement",NA
"97774",76774,"ScjmfTA5QGWp",0,4,"magnitude","switch",1,69,651.440000001458,766234,69,1,"purple","54","male",NA,"the purple one","the purple one was easier, it stayed with a colored number longer instead of switching as much","blue",6,2,7,5,1,8,6,8,4,6,"Moderate Disagreement","Moderate Disagreement","Moderate Agreement","Slight Agreement","Strong Agreement","Moderate Disagreement","Strong Agreement","Moderate Agreement","Moderate Agreement","Slight Agreement","Slight Agreement","Moderate Disagreement","Moderate Disagreement","Slight Agreement","Moderate Disagreement","Strong Agreement","Strong Disagreement","Strong Disagreement",NA
"97775",76775,"ScjmfTA5QGWp",0,4,"magnitude","repeat",4,69,875.140000000014,767610,69,1,"purple","54","male",NA,"the purple one","the purple one was easier, it stayed with a colored number longer instead of switching as much","blue",6,2,7,5,1,8,6,8,4,6,"Moderate Disagreement","Moderate Disagreement","Moderate Agreement","Slight Agreement","Strong Agreement","Moderate Disagreement","Strong Agreement","Moderate Agreement","Moderate Agreement","Slight Agreement","Slight Agreement","Moderate Disagreement","Moderate Disagreement","Slight Agreement","Moderate Disagreement","Strong Agreement","Strong Disagreement","Strong Disagreement",NA
"97776",76776,"ScjmfTA5QGWp",0,4,"magnitude","repeat",8,73,1259.21000000008,769370,73,1,"purple","54","male",NA,"the purple one","the purple one was easier, it stayed with a colored number longer instead of switching as much","blue",6,2,7,5,1,8,6,8,4,6,"Moderate Disagreement","Moderate Disagreement","Moderate Agreement","Slight Agreement","Strong Agreement","Moderate Disagreement","Strong Agreement","Moderate Agreement","Moderate Agreement","Slight Agreement","Slight Agreement","Moderate Disagreement","Moderate Disagreement","Slight Agreement","Moderate Disagreement","Strong Agreement","Strong Disagreement","Strong Disagreement",NA
"97777",76777,"ScjmfTA5QGWp",0,4,"magnitude","repeat",8,73,539.029999999912,770410,73,1,"purple","54","male",NA,"the purple one","the purple one was easier, it stayed with a colored number longer instead of switching as much","blue",6,2,7,5,1,8,6,8,4,6,"Moderate Disagreement","Moderate Disagreement","Moderate Agreement","Slight Agreement","Strong Agreement","Moderate Disagreement","Strong Agreement","Moderate Agreement","Moderate Agreement","Slight Agreement","Slight Agreement","Moderate Disagreement","Moderate Disagreement","Slight Agreement","Moderate Disagreement","Strong Agreement","Strong Disagreement","Strong Disagreement",NA
"97778",76778,"ScjmfTA5QGWp",0,4,"magnitude","repeat",7,73,651.050000000396,771562,73,1,"purple","54","male",NA,"the purple one","the purple one was easier, it stayed with a colored number longer instead of switching as much","blue",6,2,7,5,1,8,6,8,4,6,"Moderate Disagreement","Moderate Disagreement","Moderate Agreement","Slight Agreement","Strong Agreement","Moderate Disagreement","Strong Agreement","Moderate Agreement","Moderate Agreement","Slight Agreement","Slight Agreement","Moderate Disagreement","Moderate Disagreement","Slight Agreement","Moderate Disagreement","Strong Agreement","Strong Disagreement","Strong Disagreement",NA
"97779",76779,"ScjmfTA5QGWp",0,4,"magnitude","repeat",7,73,570.850000000093,772634,73,1,"purple","54","male",NA,"the purple one","the purple one was easier, it stayed with a colored number longer instead of switching as much","blue",6,2,7,5,1,8,6,8,4,6,"Moderate Disagreement","Moderate Disagreement","Moderate Agreement","Slight Agreement","Strong Agreement","Moderate Disagreement","Strong Agreement","Moderate Agreement","Moderate Agreement","Slight Agreement","Slight Agreement","Moderate Disagreement","Moderate Disagreement","Slight Agreement","Moderate Disagreement","Strong Agreement","Strong Disagreement","Strong Disagreement",NA
"97780",76780,"ScjmfTA5QGWp",0,4,"magnitude","repeat",9,73,730.849999999977,773866,73,1,"purple","54","male",NA,"the purple one","the purple one was easier, it stayed with a colored number longer instead of switching as much","blue",6,2,7,5,1,8,6,8,4,6,"Moderate Disagreement","Moderate Disagreement","Moderate Agreement","Slight Agreement","Strong Agreement","Moderate Disagreement","Strong Agreement","Moderate Agreement","Moderate Agreement","Slight Agreement","Slight Agreement","Moderate Disagreement","Moderate Disagreement","Slight Agreement","Moderate Disagreement","Strong Agreement","Strong Disagreement","Strong Disagreement",NA
"97781",76781,"ScjmfTA5QGWp",0,4,"magnitude","repeat",8,73,618.765000002924,774986,73,1,"purple","54","male",NA,"the purple one","the purple one was easier, it stayed with a colored number longer instead of switching as much","blue",6,2,7,5,1,8,6,8,4,6,"Moderate Disagreement","Moderate Disagreement","Moderate Agreement","Slight Agreement","Strong Agreement","Moderate Disagreement","Strong Agreement","Moderate Agreement","Moderate Agreement","Slight Agreement","Slight Agreement","Moderate Disagreement","Moderate Disagreement","Slight Agreement","Moderate Disagreement","Strong Agreement","Strong Disagreement","Strong Disagreement",NA
"97782",76782,"ScjmfTA5QGWp",0,4,"magnitude","repeat",4,69,811.115000000456,776298,69,1,"purple","54","male",NA,"the purple one","the purple one was easier, it stayed with a colored number longer instead of switching as much","blue",6,2,7,5,1,8,6,8,4,6,"Moderate Disagreement","Moderate Disagreement","Moderate Agreement","Slight Agreement","Strong Agreement","Moderate Disagreement","Strong Agreement","Moderate Agreement","Moderate Agreement","Slight Agreement","Slight Agreement","Moderate Disagreement","Moderate Disagreement","Slight Agreement","Moderate Disagreement","Strong Agreement","Strong Disagreement","Strong Disagreement",NA
"97783",76783,"ScjmfTA5QGWp",0,4,"magnitude","repeat",1,69,602.380000000354,777402,69,1,"purple","54","male",NA,"the purple one","the purple one was easier, it stayed with a colored number longer instead of switching as much","blue",6,2,7,5,1,8,6,8,4,6,"Moderate Disagreement","Moderate Disagreement","Moderate Agreement","Slight Agreement","Strong Agreement","Moderate Disagreement","Strong Agreement","Moderate Agreement","Moderate Agreement","Slight Agreement","Slight Agreement","Moderate Disagreement","Moderate Disagreement","Slight Agreement","Moderate Disagreement","Strong Agreement","Strong Disagreement","Strong Disagreement",NA
"97784",76784,"ScjmfTA5QGWp",0,4,"magnitude","repeat",6,73,762.470000001369,778666,73,1,"purple","54","male",NA,"the purple one","the purple one was easier, it stayed with a colored number longer instead of switching as much","blue",6,2,7,5,1,8,6,8,4,6,"Moderate Disagreement","Moderate Disagreement","Moderate Agreement","Slight Agreement","Strong Agreement","Moderate Disagreement","Strong Agreement","Moderate Agreement","Moderate Agreement","Slight Agreement","Slight Agreement","Moderate Disagreement","Moderate Disagreement","Slight Agreement","Moderate Disagreement","Strong Agreement","Strong Disagreement","Strong Disagreement",NA
"97785",76785,"ScjmfTA5QGWp",0,4,"magnitude","repeat",1,69,618.54500000109,779786,69,1,"purple","54","male",NA,"the purple one","the purple one was easier, it stayed with a colored number longer instead of switching as much","blue",6,2,7,5,1,8,6,8,4,6,"Moderate Disagreement","Moderate Disagreement","Moderate Agreement","Slight Agreement","Strong Agreement","Moderate Disagreement","Strong Agreement","Moderate Agreement","Moderate Agreement","Slight Agreement","Slight Agreement","Moderate Disagreement","Moderate Disagreement","Slight Agreement","Moderate Disagreement","Strong Agreement","Strong Disagreement","Strong Disagreement",NA
"97786",76786,"ScjmfTA5QGWp",0,4,"magnitude","repeat",7,73,682.529999998282,780970,73,1,"purple","54","male",NA,"the purple one","the purple one was easier, it stayed with a colored number longer instead of switching as much","blue",6,2,7,5,1,8,6,8,4,6,"Moderate Disagreement","Moderate Disagreement","Moderate Agreement","Slight Agreement","Strong Agreement","Moderate Disagreement","Strong Agreement","Moderate Agreement","Moderate Agreement","Slight Agreement","Slight Agreement","Moderate Disagreement","Moderate Disagreement","Slight Agreement","Moderate Disagreement","Strong Agreement","Strong Disagreement","Strong Disagreement",NA
"97787",76787,"ScjmfTA5QGWp",0,4,"magnitude","repeat",3,69,651.284999999916,782122,69,1,"purple","54","male",NA,"the purple one","the purple one was easier, it stayed with a colored number longer instead of switching as much","blue",6,2,7,5,1,8,6,8,4,6,"Moderate Disagreement","Moderate Disagreement","Moderate Agreement","Slight Agreement","Strong Agreement","Moderate Disagreement","Strong Agreement","Moderate Agreement","Moderate Agreement","Slight Agreement","Slight Agreement","Moderate Disagreement","Moderate Disagreement","Slight Agreement","Moderate Disagreement","Strong Agreement","Strong Disagreement","Strong Disagreement",NA
"97788",76788,"ScjmfTA5QGWp",0,4,"magnitude","repeat",1,69,587.175000000512,783209,69,1,"purple","54","male",NA,"the purple one","the purple one was easier, it stayed with a colored number longer instead of switching as much","blue",6,2,7,5,1,8,6,8,4,6,"Moderate Disagreement","Moderate Disagreement","Moderate Agreement","Slight Agreement","Strong Agreement","Moderate Disagreement","Strong Agreement","Moderate Agreement","Moderate Agreement","Slight Agreement","Slight Agreement","Moderate Disagreement","Moderate Disagreement","Slight Agreement","Moderate Disagreement","Strong Agreement","Strong Disagreement","Strong Disagreement",NA
"97789",76789,"ScjmfTA5QGWp",0,4,"magnitude","repeat",3,69,1099.14999999828,784809,69,1,"purple","54","male",NA,"the purple one","the purple one was easier, it stayed with a colored number longer instead of switching as much","blue",6,2,7,5,1,8,6,8,4,6,"Moderate Disagreement","Moderate Disagreement","Moderate Agreement","Slight Agreement","Strong Agreement","Moderate Disagreement","Strong Agreement","Moderate Agreement","Moderate Agreement","Slight Agreement","Slight Agreement","Moderate Disagreement","Moderate Disagreement","Slight Agreement","Moderate Disagreement","Strong Agreement","Strong Disagreement","Strong Disagreement",NA
"97790",76790,"ScjmfTA5QGWp",0,4,"magnitude","repeat",1,69,539.080000002286,785849,69,1,"purple","54","male",NA,"the purple one","the purple one was easier, it stayed with a colored number longer instead of switching as much","blue",6,2,7,5,1,8,6,8,4,6,"Moderate Disagreement","Moderate Disagreement","Moderate Agreement","Slight Agreement","Strong Agreement","Moderate Disagreement","Strong Agreement","Moderate Agreement","Moderate Agreement","Slight Agreement","Slight Agreement","Moderate Disagreement","Moderate Disagreement","Slight Agreement","Moderate Disagreement","Strong Agreement","Strong Disagreement","Strong Disagreement",NA
"97791",76791,"ScjmfTA5QGWp",0,4,"magnitude","repeat",7,73,635.435000000056,786986,73,1,"purple","54","male",NA,"the purple one","the purple one was easier, it stayed with a colored number longer instead of switching as much","blue",6,2,7,5,1,8,6,8,4,6,"Moderate Disagreement","Moderate Disagreement","Moderate Agreement","Slight Agreement","Strong Agreement","Moderate Disagreement","Strong Agreement","Moderate Agreement","Moderate Agreement","Slight Agreement","Slight Agreement","Moderate Disagreement","Moderate Disagreement","Slight Agreement","Moderate Disagreement","Strong Agreement","Strong Disagreement","Strong Disagreement",NA
"97792",76792,"ScjmfTA5QGWp",0,4,"magnitude","repeat",9,73,554.944999999832,788041,73,1,"purple","54","male",NA,"the purple one","the purple one was easier, it stayed with a colored number longer instead of switching as much","blue",6,2,7,5,1,8,6,8,4,6,"Moderate Disagreement","Moderate Disagreement","Moderate Agreement","Slight Agreement","Strong Agreement","Moderate Disagreement","Strong Agreement","Moderate Agreement","Moderate Agreement","Slight Agreement","Slight Agreement","Moderate Disagreement","Moderate Disagreement","Slight Agreement","Moderate Disagreement","Strong Agreement","Strong Disagreement","Strong Disagreement",NA
"97793",76793,"ScjmfTA5QGWp",0,4,"magnitude","repeat",2,69,698.899999999441,789242,69,1,"purple","54","male",NA,"the purple one","the purple one was easier, it stayed with a colored number longer instead of switching as much","blue",6,2,7,5,1,8,6,8,4,6,"Moderate Disagreement","Moderate Disagreement","Moderate Agreement","Slight Agreement","Strong Agreement","Moderate Disagreement","Strong Agreement","Moderate Agreement","Moderate Agreement","Slight Agreement","Slight Agreement","Moderate Disagreement","Moderate Disagreement","Slight Agreement","Moderate Disagreement","Strong Agreement","Strong Disagreement","Strong Disagreement",NA
"97794",76794,"ScjmfTA5QGWp",0,4,"magnitude","repeat",1,69,490.714999999851,790233,69,1,"purple","54","male",NA,"the purple one","the purple one was easier, it stayed with a colored number longer instead of switching as much","blue",6,2,7,5,1,8,6,8,4,6,"Moderate Disagreement","Moderate Disagreement","Moderate Agreement","Slight Agreement","Strong Agreement","Moderate Disagreement","Strong Agreement","Moderate Agreement","Moderate Agreement","Slight Agreement","Slight Agreement","Moderate Disagreement","Moderate Disagreement","Slight Agreement","Moderate Disagreement","Strong Agreement","Strong Disagreement","Strong Disagreement",NA
"97795",76795,"ScjmfTA5QGWp",0,4,"magnitude","repeat",6,73,634.884999999544,791369,73,1,"purple","54","male",NA,"the purple one","the purple one was easier, it stayed with a colored number longer instead of switching as much","blue",6,2,7,5,1,8,6,8,4,6,"Moderate Disagreement","Moderate Disagreement","Moderate Agreement","Slight Agreement","Strong Agreement","Moderate Disagreement","Strong Agreement","Moderate Agreement","Moderate Agreement","Slight Agreement","Slight Agreement","Moderate Disagreement","Moderate Disagreement","Slight Agreement","Moderate Disagreement","Strong Agreement","Strong Disagreement","Strong Disagreement",NA
"97796",76796,"ScjmfTA5QGWp",0,4,"magnitude","repeat",2,69,602.735000000335,792473,69,1,"purple","54","male",NA,"the purple one","the purple one was easier, it stayed with a colored number longer instead of switching as much","blue",6,2,7,5,1,8,6,8,4,6,"Moderate Disagreement","Moderate Disagreement","Moderate Agreement","Slight Agreement","Strong Agreement","Moderate Disagreement","Strong Agreement","Moderate Agreement","Moderate Agreement","Slight Agreement","Slight Agreement","Moderate Disagreement","Moderate Disagreement","Slight Agreement","Moderate Disagreement","Strong Agreement","Strong Disagreement","Strong Disagreement",NA
"97797",76797,"ScjmfTA5QGWp",0,4,"magnitude","repeat",8,73,634.659999999683,793609,73,1,"purple","54","male",NA,"the purple one","the purple one was easier, it stayed with a colored number longer instead of switching as much","blue",6,2,7,5,1,8,6,8,4,6,"Moderate Disagreement","Moderate Disagreement","Moderate Agreement","Slight Agreement","Strong Agreement","Moderate Disagreement","Strong Agreement","Moderate Agreement","Moderate Agreement","Slight Agreement","Slight Agreement","Moderate Disagreement","Moderate Disagreement","Slight Agreement","Moderate Disagreement","Strong Agreement","Strong Disagreement","Strong Disagreement",NA
"97798",76798,"ScjmfTA5QGWp",0,4,"magnitude","repeat",3,69,714.630000002217,794825,69,1,"purple","54","male",NA,"the purple one","the purple one was easier, it stayed with a colored number longer instead of switching as much","blue",6,2,7,5,1,8,6,8,4,6,"Moderate Disagreement","Moderate Disagreement","Moderate Agreement","Slight Agreement","Strong Agreement","Moderate Disagreement","Strong Agreement","Moderate Agreement","Moderate Agreement","Slight Agreement","Slight Agreement","Moderate Disagreement","Moderate Disagreement","Slight Agreement","Moderate Disagreement","Strong Agreement","Strong Disagreement","Strong Disagreement",NA
"97799",76799,"ScjmfTA5QGWp",0,4,"magnitude","repeat",7,73,1146.58000000054,796473,73,1,"purple","54","male",NA,"the purple one","the purple one was easier, it stayed with a colored number longer instead of switching as much","blue",6,2,7,5,1,8,6,8,4,6,"Moderate Disagreement","Moderate Disagreement","Moderate Agreement","Slight Agreement","Strong Agreement","Moderate Disagreement","Strong Agreement","Moderate Agreement","Moderate Agreement","Slight Agreement","Slight Agreement","Moderate Disagreement","Moderate Disagreement","Slight Agreement","Moderate Disagreement","Strong Agreement","Strong Disagreement","Strong Disagreement",NA
"97800",76800,"ScjmfTA5QGWp",0,4,"magnitude","repeat",2,69,634.740000001388,797610,69,1,"purple","54","male",NA,"the purple one","the purple one was easier, it stayed with a colored number longer instead of switching as much","blue",6,2,7,5,1,8,6,8,4,6,"Moderate Disagreement","Moderate Disagreement","Moderate Agreement","Slight Agreement","Strong Agreement","Moderate Disagreement","Strong Agreement","Moderate Agreement","Moderate Agreement","Slight Agreement","Slight Agreement","Moderate Disagreement","Moderate Disagreement","Slight Agreement","Moderate Disagreement","Strong Agreement","Strong Disagreement","Strong Disagreement",NA
