"","id","age","gender","run","decisionnum","deckl","deckr","decision_type","deckchoice","deckrt","subtrial","task","probe","switchresp","switchrt","understood","mapping","preference","notice","difficulty","tlx_deck1","tlx_deck2","tlx_deck3","tlx_deck4","tlx_deck5","tlx_deck6","nfc1","nfc2","nfc3","nfc4","nfc5","nfc6","nfc7","nfc8","nfc9","nfc10","nfc11","nfc12","nfc13","nfc14","nfc15","nfc16","nfc17","nfc18","uncertainty1","uncertainty2","uncertainty3","uncertainty4","uncertainty5","uncertainty6","uncertainty7","uncertainty8","uncertainty9","uncertainty10","uncertainty11","uncertainty12","uncertainty13","uncertainty14","uncertainty15","uncertainty16","uncertainty17","uncertainty18","uncertainty19","uncertainty20","uncertainty21","uncertainty22","uncertainty23","uncertainty24","uncertainty25","uncertainty26","uncertainty27","time_elapsed"
"1","wtnE5ZvR2SAyQFs",52,"Female","learning",0,"deck1",NA,NA,NA,NA,1,"magnitude",3,69,1988.35499992128,"Yes","Somewhat.","I liked the decks with the progress bar.","Yes. There were definite patterns in most of the decks.","Yes, the decks that alternated colors were the most difficult for me,",3,7,9,1,2,6,3,3,0,0,0,3,0,2,0,4,4,0,3,4,4,0,1,3,0,0,0,2,0,0,0,2,0,0,2,0,0,0,0,2,0,0,0,0,1,0,3,0,0,1,0,269193
"2","wtnE5ZvR2SAyQFs",52,"Female","learning",0,"deck1",NA,NA,NA,NA,2,"magnitude",4,69,937.825000029989,"Yes","Somewhat.","I liked the decks with the progress bar.","Yes. There were definite patterns in most of the decks.","Yes, the decks that alternated colors were the most difficult for me,",3,7,9,1,2,6,3,3,0,0,0,3,0,2,0,4,4,0,3,4,4,0,1,3,0,0,0,2,0,0,0,2,0,0,2,0,0,0,0,2,0,0,0,0,1,0,3,0,0,1,0,270632
"3","wtnE5ZvR2SAyQFs",52,"Female","learning",0,"deck1",NA,NA,NA,NA,3,"magnitude",9,73,978.579999995418,"Yes","Somewhat.","I liked the decks with the progress bar.","Yes. There were definite patterns in most of the decks.","Yes, the decks that alternated colors were the most difficult for me,",3,7,9,1,2,6,3,3,0,0,0,3,0,2,0,4,4,0,3,4,4,0,1,3,0,0,0,2,0,0,0,2,0,0,2,0,0,0,0,2,0,0,0,0,1,0,3,0,0,1,0,272113
"4","wtnE5ZvR2SAyQFs",52,"Female","learning",0,"deck1",NA,NA,NA,NA,4,"magnitude",9,73,818.609999958426,"Yes","Somewhat.","I liked the decks with the progress bar.","Yes. There were definite patterns in most of the decks.","Yes, the decks that alternated colors were the most difficult for me,",3,7,9,1,2,6,3,3,0,0,0,3,0,2,0,4,4,0,3,4,4,0,1,3,0,0,0,2,0,0,0,2,0,0,2,0,0,0,0,2,0,0,0,0,1,0,3,0,0,1,0,273432
"5","wtnE5ZvR2SAyQFs",52,"Female","learning",0,"deck1",NA,NA,NA,NA,5,"magnitude",2,69,722.459999960847,"Yes","Somewhat.","I liked the decks with the progress bar.","Yes. There were definite patterns in most of the decks.","Yes, the decks that alternated colors were the most difficult for me,",3,7,9,1,2,6,3,3,0,0,0,3,0,2,0,4,4,0,3,4,4,0,1,3,0,0,0,2,0,0,0,2,0,0,2,0,0,0,0,2,0,0,0,0,1,0,3,0,0,1,0,274656
"6","wtnE5ZvR2SAyQFs",52,"Female","learning",0,"deck1",NA,NA,NA,NA,6,"magnitude",6,73,1242.21999989823,"Yes","Somewhat.","I liked the decks with the progress bar.","Yes. There were definite patterns in most of the decks.","Yes, the decks that alternated colors were the most difficult for me,",3,7,9,1,2,6,3,3,0,0,0,3,0,2,0,4,4,0,3,4,4,0,1,3,0,0,0,2,0,0,0,2,0,0,2,0,0,0,0,2,0,0,0,0,1,0,3,0,0,1,0,276400
"7","wtnE5ZvR2SAyQFs",52,"Female","learning",0,"deck1",NA,NA,NA,NA,7,"magnitude",2,69,562.180000008084,"Yes","Somewhat.","I liked the decks with the progress bar.","Yes. There were definite patterns in most of the decks.","Yes, the decks that alternated colors were the most difficult for me,",3,7,9,1,2,6,3,3,0,0,0,3,0,2,0,4,4,0,3,4,4,0,1,3,0,0,0,2,0,0,0,2,0,0,2,0,0,0,0,2,0,0,0,0,1,0,3,0,0,1,0,277464
"8","wtnE5ZvR2SAyQFs",52,"Female","learning",0,"deck1",NA,NA,NA,NA,8,"magnitude",4,69,738.669999991544,"Yes","Somewhat.","I liked the decks with the progress bar.","Yes. There were definite patterns in most of the decks.","Yes, the decks that alternated colors were the most difficult for me,",3,7,9,1,2,6,3,3,0,0,0,3,0,2,0,4,4,0,3,4,4,0,1,3,0,0,0,2,0,0,0,2,0,0,2,0,0,0,0,2,0,0,0,0,1,0,3,0,0,1,0,278705
"9","wtnE5ZvR2SAyQFs",52,"Female","learning",0,"deck1",NA,NA,NA,NA,9,"parity",9,73,1193.63499991596,"Yes","Somewhat.","I liked the decks with the progress bar.","Yes. There were definite patterns in most of the decks.","Yes, the decks that alternated colors were the most difficult for me,",3,7,9,1,2,6,3,3,0,0,0,3,0,2,0,4,4,0,3,4,4,0,1,3,0,0,0,2,0,0,0,2,0,0,2,0,0,0,0,2,0,0,0,0,1,0,3,0,0,1,0,280400
"10","wtnE5ZvR2SAyQFs",52,"Female","learning",0,"deck1",NA,NA,NA,NA,10,"parity",8,69,818.760000052862,"Yes","Somewhat.","I liked the decks with the progress bar.","Yes. There were definite patterns in most of the decks.","Yes, the decks that alternated colors were the most difficult for me,",3,7,9,1,2,6,3,3,0,0,0,3,0,2,0,4,4,0,3,4,4,0,1,3,0,0,0,2,0,0,0,2,0,0,2,0,0,0,0,2,0,0,0,0,1,0,3,0,0,1,0,281720
"11","wtnE5ZvR2SAyQFs",52,"Female","learning",0,"deck1",NA,NA,NA,NA,11,"parity",4,69,730.530000058934,"Yes","Somewhat.","I liked the decks with the progress bar.","Yes. There were definite patterns in most of the decks.","Yes, the decks that alternated colors were the most difficult for me,",3,7,9,1,2,6,3,3,0,0,0,3,0,2,0,4,4,0,3,4,4,0,1,3,0,0,0,2,0,0,0,2,0,0,2,0,0,0,0,2,0,0,0,0,1,0,3,0,0,1,0,282952
"12","wtnE5ZvR2SAyQFs",52,"Female","learning",0,"deck1",NA,NA,NA,NA,12,"parity",2,69,794.255000073463,"Yes","Somewhat.","I liked the decks with the progress bar.","Yes. There were definite patterns in most of the decks.","Yes, the decks that alternated colors were the most difficult for me,",3,7,9,1,2,6,3,3,0,0,0,3,0,2,0,4,4,0,3,4,4,0,1,3,0,0,0,2,0,0,0,2,0,0,2,0,0,0,0,2,0,0,0,0,1,0,3,0,0,1,0,284248
"13","wtnE5ZvR2SAyQFs",52,"Female","learning",0,"deck1",NA,NA,NA,NA,13,"parity",9,73,1033.50000001956,"Yes","Somewhat.","I liked the decks with the progress bar.","Yes. There were definite patterns in most of the decks.","Yes, the decks that alternated colors were the most difficult for me,",3,7,9,1,2,6,3,3,0,0,0,3,0,2,0,4,4,0,3,4,4,0,1,3,0,0,0,2,0,0,0,2,0,0,2,0,0,0,0,2,0,0,0,0,1,0,3,0,0,1,0,285784
"14","wtnE5ZvR2SAyQFs",52,"Female","learning",0,"deck1",NA,NA,NA,NA,14,"parity",3,73,1034.16500007734,"Yes","Somewhat.","I liked the decks with the progress bar.","Yes. There were definite patterns in most of the decks.","Yes, the decks that alternated colors were the most difficult for me,",3,7,9,1,2,6,3,3,0,0,0,3,0,2,0,4,4,0,3,4,4,0,1,3,0,0,0,2,0,0,0,2,0,0,2,0,0,0,0,2,0,0,0,0,1,0,3,0,0,1,0,287320
"15","wtnE5ZvR2SAyQFs",52,"Female","learning",0,"deck1",NA,NA,NA,NA,15,"parity",2,69,866.200000047684,"Yes","Somewhat.","I liked the decks with the progress bar.","Yes. There were definite patterns in most of the decks.","Yes, the decks that alternated colors were the most difficult for me,",3,7,9,1,2,6,3,3,0,0,0,3,0,2,0,4,4,0,3,4,4,0,1,3,0,0,0,2,0,0,0,2,0,0,2,0,0,0,0,2,0,0,0,0,1,0,3,0,0,1,0,288688
"16","wtnE5ZvR2SAyQFs",52,"Female","learning",0,"deck1",NA,NA,NA,NA,16,"magnitude",2,69,978.029999998398,"Yes","Somewhat.","I liked the decks with the progress bar.","Yes. There were definite patterns in most of the decks.","Yes, the decks that alternated colors were the most difficult for me,",3,7,9,1,2,6,3,3,0,0,0,3,0,2,0,4,4,0,3,4,4,0,1,3,0,0,0,2,0,0,0,2,0,0,2,0,0,0,0,2,0,0,0,0,1,0,3,0,0,1,0,290168
"17","wtnE5ZvR2SAyQFs",52,"Female","learning",0,"deck2",NA,NA,NA,NA,1,"magnitude",9,73,1641.62499993108,"Yes","Somewhat.","I liked the decks with the progress bar.","Yes. There were definite patterns in most of the decks.","Yes, the decks that alternated colors were the most difficult for me,",3,7,9,1,2,6,3,3,0,0,0,3,0,2,0,4,4,0,3,4,4,0,1,3,0,0,0,2,0,0,0,2,0,0,2,0,0,0,0,2,0,0,0,0,1,0,3,0,0,1,0,302025
"18","wtnE5ZvR2SAyQFs",52,"Female","learning",0,"deck2",NA,NA,NA,NA,2,"parity",7,73,1113.6449999176,"Yes","Somewhat.","I liked the decks with the progress bar.","Yes. There were definite patterns in most of the decks.","Yes, the decks that alternated colors were the most difficult for me,",3,7,9,1,2,6,3,3,0,0,0,3,0,2,0,4,4,0,3,4,4,0,1,3,0,0,0,2,0,0,0,2,0,0,2,0,0,0,0,2,0,0,0,0,1,0,3,0,0,1,0,303640
"19","wtnE5ZvR2SAyQFs",52,"Female","learning",0,"deck2",NA,NA,NA,NA,3,"magnitude",1,73,1010.93000010587,"Yes","Somewhat.","I liked the decks with the progress bar.","Yes. There were definite patterns in most of the decks.","Yes, the decks that alternated colors were the most difficult for me,",3,7,9,1,2,6,3,3,0,0,0,3,0,2,0,4,4,0,3,4,4,0,1,3,0,0,0,2,0,0,0,2,0,0,2,0,0,0,0,2,0,0,0,0,1,0,3,0,0,1,0,305152
"20","wtnE5ZvR2SAyQFs",52,"Female","learning",0,"deck2",NA,NA,NA,NA,4,"parity",3,69,2330.22000000346,"Yes","Somewhat.","I liked the decks with the progress bar.","Yes. There were definite patterns in most of the decks.","Yes, the decks that alternated colors were the most difficult for me,",3,7,9,1,2,6,3,3,0,0,0,3,0,2,0,4,4,0,3,4,4,0,1,3,0,0,0,2,0,0,0,2,0,0,2,0,0,0,0,2,0,0,0,0,1,0,3,0,0,1,0,307984
"21","wtnE5ZvR2SAyQFs",52,"Female","learning",0,"deck2",NA,NA,NA,NA,5,"magnitude",4,69,1545.43499997817,"Yes","Somewhat.","I liked the decks with the progress bar.","Yes. There were definite patterns in most of the decks.","Yes, the decks that alternated colors were the most difficult for me,",3,7,9,1,2,6,3,3,0,0,0,3,0,2,0,4,4,0,3,4,4,0,1,3,0,0,0,2,0,0,0,2,0,0,2,0,0,0,0,2,0,0,0,0,1,0,3,0,0,1,0,310032
"22","wtnE5ZvR2SAyQFs",52,"Female","learning",0,"deck2",NA,NA,NA,NA,6,"magnitude",1,69,1682.41000000853,"Yes","Somewhat.","I liked the decks with the progress bar.","Yes. There were definite patterns in most of the decks.","Yes, the decks that alternated colors were the most difficult for me,",3,7,9,1,2,6,3,3,0,0,0,3,0,2,0,4,4,0,3,4,4,0,1,3,0,0,0,2,0,0,0,2,0,0,2,0,0,0,0,2,0,0,0,0,1,0,3,0,0,1,0,312216
"23","wtnE5ZvR2SAyQFs",52,"Female","learning",0,"deck2",NA,NA,NA,NA,7,"parity",1,69,1185.21000002511,"Yes","Somewhat.","I liked the decks with the progress bar.","Yes. There were definite patterns in most of the decks.","Yes, the decks that alternated colors were the most difficult for me,",3,7,9,1,2,6,3,3,0,0,0,3,0,2,0,4,4,0,3,4,4,0,1,3,0,0,0,2,0,0,0,2,0,0,2,0,0,0,0,2,0,0,0,0,1,0,3,0,0,1,0,313904
"24","wtnE5ZvR2SAyQFs",52,"Female","learning",0,"deck2",NA,NA,NA,NA,8,"parity",4,69,2002.09500000346,"Yes","Somewhat.","I liked the decks with the progress bar.","Yes. There were definite patterns in most of the decks.","Yes, the decks that alternated colors were the most difficult for me,",3,7,9,1,2,6,3,3,0,0,0,3,0,2,0,4,4,0,3,4,4,0,1,3,0,0,0,2,0,0,0,2,0,0,2,0,0,0,0,2,0,0,0,0,1,0,3,0,0,1,0,316408
"25","wtnE5ZvR2SAyQFs",52,"Female","learning",0,"deck2",NA,NA,NA,NA,9,"parity",8,69,962.594999931753,"Yes","Somewhat.","I liked the decks with the progress bar.","Yes. There were definite patterns in most of the decks.","Yes, the decks that alternated colors were the most difficult for me,",3,7,9,1,2,6,3,3,0,0,0,3,0,2,0,4,4,0,3,4,4,0,1,3,0,0,0,2,0,0,0,2,0,0,2,0,0,0,0,2,0,0,0,0,1,0,3,0,0,1,0,317872
"26","wtnE5ZvR2SAyQFs",52,"Female","learning",0,"deck2",NA,NA,NA,NA,10,"parity",7,73,665.599999949336,"Yes","Somewhat.","I liked the decks with the progress bar.","Yes. There were definite patterns in most of the decks.","Yes, the decks that alternated colors were the most difficult for me,",3,7,9,1,2,6,3,3,0,0,0,3,0,2,0,4,4,0,3,4,4,0,1,3,0,0,0,2,0,0,0,2,0,0,2,0,0,0,0,2,0,0,0,0,1,0,3,0,0,1,0,319040
"27","wtnE5ZvR2SAyQFs",52,"Female","learning",0,"deck2",NA,NA,NA,NA,11,"magnitude",3,69,994.915000046603,"Yes","Somewhat.","I liked the decks with the progress bar.","Yes. There were definite patterns in most of the decks.","Yes, the decks that alternated colors were the most difficult for me,",3,7,9,1,2,6,3,3,0,0,0,3,0,2,0,4,4,0,3,4,4,0,1,3,0,0,0,2,0,0,0,2,0,0,2,0,0,0,0,2,0,0,0,0,1,0,3,0,0,1,0,320537
"28","wtnE5ZvR2SAyQFs",52,"Female","learning",0,"deck2",NA,NA,NA,NA,12,"parity",2,69,1505.92500006314,"Yes","Somewhat.","I liked the decks with the progress bar.","Yes. There were definite patterns in most of the decks.","Yes, the decks that alternated colors were the most difficult for me,",3,7,9,1,2,6,3,3,0,0,0,3,0,2,0,4,4,0,3,4,4,0,1,3,0,0,0,2,0,0,0,2,0,0,2,0,0,0,0,2,0,0,0,0,1,0,3,0,0,1,0,322544
"29","wtnE5ZvR2SAyQFs",52,"Female","learning",0,"deck2",NA,NA,NA,NA,13,"parity",2,69,778.504999936558,"Yes","Somewhat.","I liked the decks with the progress bar.","Yes. There were definite patterns in most of the decks.","Yes, the decks that alternated colors were the most difficult for me,",3,7,9,1,2,6,3,3,0,0,0,3,0,2,0,4,4,0,3,4,4,0,1,3,0,0,0,2,0,0,0,2,0,0,2,0,0,0,0,2,0,0,0,0,1,0,3,0,0,1,0,323824
"30","wtnE5ZvR2SAyQFs",52,"Female","learning",0,"deck2",NA,NA,NA,NA,14,"parity",8,NA,NA,"Yes","Somewhat.","I liked the decks with the progress bar.","Yes. There were definite patterns in most of the decks.","Yes, the decks that alternated colors were the most difficult for me,",3,7,9,1,2,6,3,3,0,0,0,3,0,2,0,4,4,0,3,4,4,0,1,3,0,0,0,2,0,0,0,2,0,0,2,0,0,0,0,2,0,0,0,0,1,0,3,0,0,1,0,326826
"31","wtnE5ZvR2SAyQFs",52,"Female","learning",0,"deck2",NA,NA,NA,NA,15,"parity",8,69,471.439999993891,"Yes","Somewhat.","I liked the decks with the progress bar.","Yes. There were definite patterns in most of the decks.","Yes, the decks that alternated colors were the most difficult for me,",3,7,9,1,2,6,3,3,0,0,0,3,0,2,0,4,4,0,3,4,4,0,1,3,0,0,0,2,0,0,0,2,0,0,2,0,0,0,0,2,0,0,0,0,1,0,3,0,0,1,0,327800
"32","wtnE5ZvR2SAyQFs",52,"Female","learning",0,"deck2",NA,NA,NA,NA,16,"magnitude",6,73,1267.10499997716,"Yes","Somewhat.","I liked the decks with the progress bar.","Yes. There were definite patterns in most of the decks.","Yes, the decks that alternated colors were the most difficult for me,",3,7,9,1,2,6,3,3,0,0,0,3,0,2,0,4,4,0,3,4,4,0,1,3,0,0,0,2,0,0,0,2,0,0,2,0,0,0,0,2,0,0,0,0,1,0,3,0,0,1,0,329569
"33","wtnE5ZvR2SAyQFs",52,"Female","learning",0,"deck3",NA,NA,NA,NA,1,"parity",6,69,2498.31500009168,"Yes","Somewhat.","I liked the decks with the progress bar.","Yes. There were definite patterns in most of the decks.","Yes, the decks that alternated colors were the most difficult for me,",3,7,9,1,2,6,3,3,0,0,0,3,0,2,0,4,4,0,3,4,4,0,1,3,0,0,0,2,0,0,0,2,0,0,2,0,0,0,0,2,0,0,0,0,1,0,3,0,0,1,0,346823
"34","wtnE5ZvR2SAyQFs",52,"Female","learning",0,"deck3",NA,NA,NA,NA,2,"magnitude",6,73,930.374999996275,"Yes","Somewhat.","I liked the decks with the progress bar.","Yes. There were definite patterns in most of the decks.","Yes, the decks that alternated colors were the most difficult for me,",3,7,9,1,2,6,3,3,0,0,0,3,0,2,0,4,4,0,3,4,4,0,1,3,0,0,0,2,0,0,0,2,0,0,2,0,0,0,0,2,0,0,0,0,1,0,3,0,0,1,0,348256
"35","wtnE5ZvR2SAyQFs",52,"Female","learning",0,"deck3",NA,NA,NA,NA,3,"parity",4,69,753.979999921285,"Yes","Somewhat.","I liked the decks with the progress bar.","Yes. There were definite patterns in most of the decks.","Yes, the decks that alternated colors were the most difficult for me,",3,7,9,1,2,6,3,3,0,0,0,3,0,2,0,4,4,0,3,4,4,0,1,3,0,0,0,2,0,0,0,2,0,0,2,0,0,0,0,2,0,0,0,0,1,0,3,0,0,1,0,349512
"36","wtnE5ZvR2SAyQFs",52,"Female","learning",0,"deck3",NA,NA,NA,NA,4,"magnitude",4,69,938.975000055507,"Yes","Somewhat.","I liked the decks with the progress bar.","Yes. There were definite patterns in most of the decks.","Yes, the decks that alternated colors were the most difficult for me,",3,7,9,1,2,6,3,3,0,0,0,3,0,2,0,4,4,0,3,4,4,0,1,3,0,0,0,2,0,0,0,2,0,0,2,0,0,0,0,2,0,0,0,0,1,0,3,0,0,1,0,350952
"37","wtnE5ZvR2SAyQFs",52,"Female","learning",0,"deck3",NA,NA,NA,NA,5,"parity",8,69,882.870000088587,"Yes","Somewhat.","I liked the decks with the progress bar.","Yes. There were definite patterns in most of the decks.","Yes, the decks that alternated colors were the most difficult for me,",3,7,9,1,2,6,3,3,0,0,0,3,0,2,0,4,4,0,3,4,4,0,1,3,0,0,0,2,0,0,0,2,0,0,2,0,0,0,0,2,0,0,0,0,1,0,3,0,0,1,0,352336
"38","wtnE5ZvR2SAyQFs",52,"Female","learning",0,"deck3",NA,NA,NA,NA,6,"magnitude",8,73,833.90500000678,"Yes","Somewhat.","I liked the decks with the progress bar.","Yes. There were definite patterns in most of the decks.","Yes, the decks that alternated colors were the most difficult for me,",3,7,9,1,2,6,3,3,0,0,0,3,0,2,0,4,4,0,3,4,4,0,1,3,0,0,0,2,0,0,0,2,0,0,2,0,0,0,0,2,0,0,0,0,1,0,3,0,0,1,0,353671
"39","wtnE5ZvR2SAyQFs",52,"Female","learning",0,"deck3",NA,NA,NA,NA,7,"parity",1,73,1290.61499994714,"Yes","Somewhat.","I liked the decks with the progress bar.","Yes. There were definite patterns in most of the decks.","Yes, the decks that alternated colors were the most difficult for me,",3,7,9,1,2,6,3,3,0,0,0,3,0,2,0,4,4,0,3,4,4,0,1,3,0,0,0,2,0,0,0,2,0,0,2,0,0,0,0,2,0,0,0,0,1,0,3,0,0,1,0,355464
"40","wtnE5ZvR2SAyQFs",52,"Female","learning",0,"deck3",NA,NA,NA,NA,8,"magnitude",8,73,1033.83500000928,"Yes","Somewhat.","I liked the decks with the progress bar.","Yes. There were definite patterns in most of the decks.","Yes, the decks that alternated colors were the most difficult for me,",3,7,9,1,2,6,3,3,0,0,0,3,0,2,0,4,4,0,3,4,4,0,1,3,0,0,0,2,0,0,0,2,0,0,2,0,0,0,0,2,0,0,0,0,1,0,3,0,0,1,0,356999
"41","wtnE5ZvR2SAyQFs",52,"Female","learning",0,"deck3",NA,NA,NA,NA,9,"parity",6,69,1274.34000000358,"Yes","Somewhat.","I liked the decks with the progress bar.","Yes. There were definite patterns in most of the decks.","Yes, the decks that alternated colors were the most difficult for me,",3,7,9,1,2,6,3,3,0,0,0,3,0,2,0,4,4,0,3,4,4,0,1,3,0,0,0,2,0,0,0,2,0,0,2,0,0,0,0,2,0,0,0,0,1,0,3,0,0,1,0,358776
"42","wtnE5ZvR2SAyQFs",52,"Female","learning",0,"deck3",NA,NA,NA,NA,10,"magnitude",1,69,1370.20999996457,"Yes","Somewhat.","I liked the decks with the progress bar.","Yes. There were definite patterns in most of the decks.","Yes, the decks that alternated colors were the most difficult for me,",3,7,9,1,2,6,3,3,0,0,0,3,0,2,0,4,4,0,3,4,4,0,1,3,0,0,0,2,0,0,0,2,0,0,2,0,0,0,0,2,0,0,0,0,1,0,3,0,0,1,0,360647
"43","wtnE5ZvR2SAyQFs",52,"Female","learning",0,"deck3",NA,NA,NA,NA,11,"parity",8,69,1042.3099999316,"Yes","Somewhat.","I liked the decks with the progress bar.","Yes. There were definite patterns in most of the decks.","Yes, the decks that alternated colors were the most difficult for me,",3,7,9,1,2,6,3,3,0,0,0,3,0,2,0,4,4,0,3,4,4,0,1,3,0,0,0,2,0,0,0,2,0,0,2,0,0,0,0,2,0,0,0,0,1,0,3,0,0,1,0,362191
"44","wtnE5ZvR2SAyQFs",52,"Female","learning",0,"deck3",NA,NA,NA,NA,12,"magnitude",6,73,913.889999967068,"Yes","Somewhat.","I liked the decks with the progress bar.","Yes. There were definite patterns in most of the decks.","Yes, the decks that alternated colors were the most difficult for me,",3,7,9,1,2,6,3,3,0,0,0,3,0,2,0,4,4,0,3,4,4,0,1,3,0,0,0,2,0,0,0,2,0,0,2,0,0,0,0,2,0,0,0,0,1,0,3,0,0,1,0,363607
"45","wtnE5ZvR2SAyQFs",52,"Female","learning",0,"deck3",NA,NA,NA,NA,13,"parity",1,73,1131.1449999921,"Yes","Somewhat.","I liked the decks with the progress bar.","Yes. There were definite patterns in most of the decks.","Yes, the decks that alternated colors were the most difficult for me,",3,7,9,1,2,6,3,3,0,0,0,3,0,2,0,4,4,0,3,4,4,0,1,3,0,0,0,2,0,0,0,2,0,0,2,0,0,0,0,2,0,0,0,0,1,0,3,0,0,1,0,365241
"46","wtnE5ZvR2SAyQFs",52,"Female","learning",0,"deck3",NA,NA,NA,NA,14,"magnitude",8,73,1295.39999994449,"Yes","Somewhat.","I liked the decks with the progress bar.","Yes. There were definite patterns in most of the decks.","Yes, the decks that alternated colors were the most difficult for me,",3,7,9,1,2,6,3,3,0,0,0,3,0,2,0,4,4,0,3,4,4,0,1,3,0,0,0,2,0,0,0,2,0,0,2,0,0,0,0,2,0,0,0,0,1,0,3,0,0,1,0,367039
"47","wtnE5ZvR2SAyQFs",52,"Female","learning",0,"deck3",NA,NA,NA,NA,15,"parity",3,73,1266.57999993768,"Yes","Somewhat.","I liked the decks with the progress bar.","Yes. There were definite patterns in most of the decks.","Yes, the decks that alternated colors were the most difficult for me,",3,7,9,1,2,6,3,3,0,0,0,3,0,2,0,4,4,0,3,4,4,0,1,3,0,0,0,2,0,0,0,2,0,0,2,0,0,0,0,2,0,0,0,0,1,0,3,0,0,1,0,368807
"48","wtnE5ZvR2SAyQFs",52,"Female","learning",0,"deck3",NA,NA,NA,NA,16,"parity",3,73,722.679999889806,"Yes","Somewhat.","I liked the decks with the progress bar.","Yes. There were definite patterns in most of the decks.","Yes, the decks that alternated colors were the most difficult for me,",3,7,9,1,2,6,3,3,0,0,0,3,0,2,0,4,4,0,3,4,4,0,1,3,0,0,0,2,0,0,0,2,0,0,2,0,0,0,0,2,0,0,0,0,1,0,3,0,0,1,0,370031
"49","wtnE5ZvR2SAyQFs",52,"Female","learning",0,"deck4",NA,NA,NA,NA,1,"parity",4,69,1617.32499999925,"Yes","Somewhat.","I liked the decks with the progress bar.","Yes. There were definite patterns in most of the decks.","Yes, the decks that alternated colors were the most difficult for me,",3,7,9,1,2,6,3,3,0,0,0,3,0,2,0,4,4,0,3,4,4,0,1,3,0,0,0,2,0,0,0,2,0,0,2,0,0,0,0,2,0,0,0,0,1,0,3,0,0,1,0,386087
"50","wtnE5ZvR2SAyQFs",52,"Female","learning",0,"deck4",NA,NA,NA,NA,2,"parity",8,69,858.419999945909,"Yes","Somewhat.","I liked the decks with the progress bar.","Yes. There were definite patterns in most of the decks.","Yes, the decks that alternated colors were the most difficult for me,",3,7,9,1,2,6,3,3,0,0,0,3,0,2,0,4,4,0,3,4,4,0,1,3,0,0,0,2,0,0,0,2,0,0,2,0,0,0,0,2,0,0,0,0,1,0,3,0,0,1,0,387447
"51","wtnE5ZvR2SAyQFs",52,"Female","learning",0,"deck4",NA,NA,NA,NA,3,"parity",9,73,1026.74000000115,"Yes","Somewhat.","I liked the decks with the progress bar.","Yes. There were definite patterns in most of the decks.","Yes, the decks that alternated colors were the most difficult for me,",3,7,9,1,2,6,3,3,0,0,0,3,0,2,0,4,4,0,3,4,4,0,1,3,0,0,0,2,0,0,0,2,0,0,2,0,0,0,0,2,0,0,0,0,1,0,3,0,0,1,0,388975
"52","wtnE5ZvR2SAyQFs",52,"Female","learning",0,"deck4",NA,NA,NA,NA,4,"parity",1,73,745.86000002455,"Yes","Somewhat.","I liked the decks with the progress bar.","Yes. There were definite patterns in most of the decks.","Yes, the decks that alternated colors were the most difficult for me,",3,7,9,1,2,6,3,3,0,0,0,3,0,2,0,4,4,0,3,4,4,0,1,3,0,0,0,2,0,0,0,2,0,0,2,0,0,0,0,2,0,0,0,0,1,0,3,0,0,1,0,390223
"53","wtnE5ZvR2SAyQFs",52,"Female","learning",0,"deck4",NA,NA,NA,NA,5,"magnitude",9,73,1436.180000077,"Yes","Somewhat.","I liked the decks with the progress bar.","Yes. There were definite patterns in most of the decks.","Yes, the decks that alternated colors were the most difficult for me,",3,7,9,1,2,6,3,3,0,0,0,3,0,2,0,4,4,0,3,4,4,0,1,3,0,0,0,2,0,0,0,2,0,0,2,0,0,0,0,2,0,0,0,0,1,0,3,0,0,1,0,392160
"54","wtnE5ZvR2SAyQFs",52,"Female","learning",0,"deck4",NA,NA,NA,NA,6,"magnitude",9,73,647.590000065975,"Yes","Somewhat.","I liked the decks with the progress bar.","Yes. There were definite patterns in most of the decks.","Yes, the decks that alternated colors were the most difficult for me,",3,7,9,1,2,6,3,3,0,0,0,3,0,2,0,4,4,0,3,4,4,0,1,3,0,0,0,2,0,0,0,2,0,0,2,0,0,0,0,2,0,0,0,0,1,0,3,0,0,1,0,393311
"55","wtnE5ZvR2SAyQFs",52,"Female","learning",0,"deck4",NA,NA,NA,NA,7,"magnitude",4,69,883.009999990463,"Yes","Somewhat.","I liked the decks with the progress bar.","Yes. There were definite patterns in most of the decks.","Yes, the decks that alternated colors were the most difficult for me,",3,7,9,1,2,6,3,3,0,0,0,3,0,2,0,4,4,0,3,4,4,0,1,3,0,0,0,2,0,0,0,2,0,0,2,0,0,0,0,2,0,0,0,0,1,0,3,0,0,1,0,394695
"56","wtnE5ZvR2SAyQFs",52,"Female","learning",0,"deck4",NA,NA,NA,NA,8,"magnitude",1,69,1562.33999994583,"Yes","Somewhat.","I liked the decks with the progress bar.","Yes. There were definite patterns in most of the decks.","Yes, the decks that alternated colors were the most difficult for me,",3,7,9,1,2,6,3,3,0,0,0,3,0,2,0,4,4,0,3,4,4,0,1,3,0,0,0,2,0,0,0,2,0,0,2,0,0,0,0,2,0,0,0,0,1,0,3,0,0,1,0,396759
"57","wtnE5ZvR2SAyQFs",52,"Female","learning",0,"deck4",NA,NA,NA,NA,9,"magnitude",2,69,962.61000004597,"Yes","Somewhat.","I liked the decks with the progress bar.","Yes. There were definite patterns in most of the decks.","Yes, the decks that alternated colors were the most difficult for me,",3,7,9,1,2,6,3,3,0,0,0,3,0,2,0,4,4,0,3,4,4,0,1,3,0,0,0,2,0,0,0,2,0,0,2,0,0,0,0,2,0,0,0,0,1,0,3,0,0,1,0,398223
"58","wtnE5ZvR2SAyQFs",52,"Female","learning",0,"deck4",NA,NA,NA,NA,10,"magnitude",3,69,1138.51999992039,"Yes","Somewhat.","I liked the decks with the progress bar.","Yes. There were definite patterns in most of the decks.","Yes, the decks that alternated colors were the most difficult for me,",3,7,9,1,2,6,3,3,0,0,0,3,0,2,0,4,4,0,3,4,4,0,1,3,0,0,0,2,0,0,0,2,0,0,2,0,0,0,0,2,0,0,0,0,1,0,3,0,0,1,0,399863
"59","wtnE5ZvR2SAyQFs",52,"Female","learning",0,"deck4",NA,NA,NA,NA,11,"parity",7,73,970.420000026934,"Yes","Somewhat.","I liked the decks with the progress bar.","Yes. There were definite patterns in most of the decks.","Yes, the decks that alternated colors were the most difficult for me,",3,7,9,1,2,6,3,3,0,0,0,3,0,2,0,4,4,0,3,4,4,0,1,3,0,0,0,2,0,0,0,2,0,0,2,0,0,0,0,2,0,0,0,0,1,0,3,0,0,1,0,401335
"60","wtnE5ZvR2SAyQFs",52,"Female","learning",0,"deck4",NA,NA,NA,NA,12,"parity",8,69,931.035000015981,"Yes","Somewhat.","I liked the decks with the progress bar.","Yes. There were definite patterns in most of the decks.","Yes, the decks that alternated colors were the most difficult for me,",3,7,9,1,2,6,3,3,0,0,0,3,0,2,0,4,4,0,3,4,4,0,1,3,0,0,0,2,0,0,0,2,0,0,2,0,0,0,0,2,0,0,0,0,1,0,3,0,0,1,0,402767
"61","wtnE5ZvR2SAyQFs",52,"Female","learning",0,"deck4",NA,NA,NA,NA,13,"parity",2,69,2050.30000000261,"Yes","Somewhat.","I liked the decks with the progress bar.","Yes. There were definite patterns in most of the decks.","Yes, the decks that alternated colors were the most difficult for me,",3,7,9,1,2,6,3,3,0,0,0,3,0,2,0,4,4,0,3,4,4,0,1,3,0,0,0,2,0,0,0,2,0,0,2,0,0,0,0,2,0,0,0,0,1,0,3,0,0,1,0,405319
"62","wtnE5ZvR2SAyQFs",52,"Female","learning",0,"deck4",NA,NA,NA,NA,14,"parity",8,69,690.745000028983,"Yes","Somewhat.","I liked the decks with the progress bar.","Yes. There were definite patterns in most of the decks.","Yes, the decks that alternated colors were the most difficult for me,",3,7,9,1,2,6,3,3,0,0,0,3,0,2,0,4,4,0,3,4,4,0,1,3,0,0,0,2,0,0,0,2,0,0,2,0,0,0,0,2,0,0,0,0,1,0,3,0,0,1,0,406511
"63","wtnE5ZvR2SAyQFs",52,"Female","learning",0,"deck4",NA,NA,NA,NA,15,"parity",6,69,658.030000049621,"Yes","Somewhat.","I liked the decks with the progress bar.","Yes. There were definite patterns in most of the decks.","Yes, the decks that alternated colors were the most difficult for me,",3,7,9,1,2,6,3,3,0,0,0,3,0,2,0,4,4,0,3,4,4,0,1,3,0,0,0,2,0,0,0,2,0,0,2,0,0,0,0,2,0,0,0,0,1,0,3,0,0,1,0,407671
"64","wtnE5ZvR2SAyQFs",52,"Female","learning",0,"deck4",NA,NA,NA,NA,16,"parity",7,73,898.75499997288,"Yes","Somewhat.","I liked the decks with the progress bar.","Yes. There were definite patterns in most of the decks.","Yes, the decks that alternated colors were the most difficult for me,",3,7,9,1,2,6,3,3,0,0,0,3,0,2,0,4,4,0,3,4,4,0,1,3,0,0,0,2,0,0,0,2,0,0,2,0,0,0,0,2,0,0,0,0,1,0,3,0,0,1,0,409071
"65","wtnE5ZvR2SAyQFs",52,"Female","learning",0,"deck5",NA,NA,NA,NA,1,"magnitude",3,69,2057.78499995358,"Yes","Somewhat.","I liked the decks with the progress bar.","Yes. There were definite patterns in most of the decks.","Yes, the decks that alternated colors were the most difficult for me,",3,7,9,1,2,6,3,3,0,0,0,3,0,2,0,4,4,0,3,4,4,0,1,3,0,0,0,2,0,0,0,2,0,0,2,0,0,0,0,2,0,0,0,0,1,0,3,0,0,1,0,421663
"66","wtnE5ZvR2SAyQFs",52,"Female","learning",0,"deck5",NA,NA,NA,NA,2,"parity",8,69,769.815000006929,"Yes","Somewhat.","I liked the decks with the progress bar.","Yes. There were definite patterns in most of the decks.","Yes, the decks that alternated colors were the most difficult for me,",3,7,9,1,2,6,3,3,0,0,0,3,0,2,0,4,4,0,3,4,4,0,1,3,0,0,0,2,0,0,0,2,0,0,2,0,0,0,0,2,0,0,0,0,1,0,3,0,0,1,0,422935
"67","wtnE5ZvR2SAyQFs",52,"Female","learning",0,"deck5",NA,NA,NA,NA,3,"parity",6,69,658.694999990985,"Yes","Somewhat.","I liked the decks with the progress bar.","Yes. There were definite patterns in most of the decks.","Yes, the decks that alternated colors were the most difficult for me,",3,7,9,1,2,6,3,3,0,0,0,3,0,2,0,4,4,0,3,4,4,0,1,3,0,0,0,2,0,0,0,2,0,0,2,0,0,0,0,2,0,0,0,0,1,0,3,0,0,1,0,424095
"68","wtnE5ZvR2SAyQFs",52,"Female","learning",0,"deck5",NA,NA,NA,NA,4,"magnitude",2,69,738.305000006221,"Yes","Somewhat.","I liked the decks with the progress bar.","Yes. There were definite patterns in most of the decks.","Yes, the decks that alternated colors were the most difficult for me,",3,7,9,1,2,6,3,3,0,0,0,3,0,2,0,4,4,0,3,4,4,0,1,3,0,0,0,2,0,0,0,2,0,0,2,0,0,0,0,2,0,0,0,0,1,0,3,0,0,1,0,425335
"69","wtnE5ZvR2SAyQFs",52,"Female","learning",0,"deck5",NA,NA,NA,NA,5,"parity",3,73,874.225000035949,"Yes","Somewhat.","I liked the decks with the progress bar.","Yes. There were definite patterns in most of the decks.","Yes, the decks that alternated colors were the most difficult for me,",3,7,9,1,2,6,3,3,0,0,0,3,0,2,0,4,4,0,3,4,4,0,1,3,0,0,0,2,0,0,0,2,0,0,2,0,0,0,0,2,0,0,0,0,1,0,3,0,0,1,0,426711
"70","wtnE5ZvR2SAyQFs",52,"Female","learning",0,"deck5",NA,NA,NA,NA,6,"magnitude",3,69,737.979999976233,"Yes","Somewhat.","I liked the decks with the progress bar.","Yes. There were definite patterns in most of the decks.","Yes, the decks that alternated colors were the most difficult for me,",3,7,9,1,2,6,3,3,0,0,0,3,0,2,0,4,4,0,3,4,4,0,1,3,0,0,0,2,0,0,0,2,0,0,2,0,0,0,0,2,0,0,0,0,1,0,3,0,0,1,0,427951
"71","wtnE5ZvR2SAyQFs",52,"Female","learning",0,"deck5",NA,NA,NA,NA,7,"magnitude",3,69,738.085000077263,"Yes","Somewhat.","I liked the decks with the progress bar.","Yes. There were definite patterns in most of the decks.","Yes, the decks that alternated colors were the most difficult for me,",3,7,9,1,2,6,3,3,0,0,0,3,0,2,0,4,4,0,3,4,4,0,1,3,0,0,0,2,0,0,0,2,0,0,2,0,0,0,0,2,0,0,0,0,1,0,3,0,0,1,0,429191
"72","wtnE5ZvR2SAyQFs",52,"Female","learning",0,"deck5",NA,NA,NA,NA,8,"magnitude",6,69,1145.86499996949,"Yes","Somewhat.","I liked the decks with the progress bar.","Yes. There were definite patterns in most of the decks.","Yes, the decks that alternated colors were the most difficult for me,",3,7,9,1,2,6,3,3,0,0,0,3,0,2,0,4,4,0,3,4,4,0,1,3,0,0,0,2,0,0,0,2,0,0,2,0,0,0,0,2,0,0,0,0,1,0,3,0,0,1,0,430839
"73","wtnE5ZvR2SAyQFs",52,"Female","learning",0,"deck5",NA,NA,NA,NA,9,"parity",3,73,1290.46499996912,"Yes","Somewhat.","I liked the decks with the progress bar.","Yes. There were definite patterns in most of the decks.","Yes, the decks that alternated colors were the most difficult for me,",3,7,9,1,2,6,3,3,0,0,0,3,0,2,0,4,4,0,3,4,4,0,1,3,0,0,0,2,0,0,0,2,0,0,2,0,0,0,0,2,0,0,0,0,1,0,3,0,0,1,0,432631
"74","wtnE5ZvR2SAyQFs",52,"Female","learning",0,"deck5",NA,NA,NA,NA,10,"parity",9,73,658.595000044443,"Yes","Somewhat.","I liked the decks with the progress bar.","Yes. There were definite patterns in most of the decks.","Yes, the decks that alternated colors were the most difficult for me,",3,7,9,1,2,6,3,3,0,0,0,3,0,2,0,4,4,0,3,4,4,0,1,3,0,0,0,2,0,0,0,2,0,0,2,0,0,0,0,2,0,0,0,0,1,0,3,0,0,1,0,433791
"75","wtnE5ZvR2SAyQFs",52,"Female","learning",0,"deck5",NA,NA,NA,NA,11,"parity",2,69,730.289999977686,"Yes","Somewhat.","I liked the decks with the progress bar.","Yes. There were definite patterns in most of the decks.","Yes, the decks that alternated colors were the most difficult for me,",3,7,9,1,2,6,3,3,0,0,0,3,0,2,0,4,4,0,3,4,4,0,1,3,0,0,0,2,0,0,0,2,0,0,2,0,0,0,0,2,0,0,0,0,1,0,3,0,0,1,0,435023
"76","wtnE5ZvR2SAyQFs",52,"Female","learning",0,"deck5",NA,NA,NA,NA,12,"magnitude",9,73,834.14999989327,"Yes","Somewhat.","I liked the decks with the progress bar.","Yes. There were definite patterns in most of the decks.","Yes, the decks that alternated colors were the most difficult for me,",3,7,9,1,2,6,3,3,0,0,0,3,0,2,0,4,4,0,3,4,4,0,1,3,0,0,0,2,0,0,0,2,0,0,2,0,0,0,0,2,0,0,0,0,1,0,3,0,0,1,0,436359
"77","wtnE5ZvR2SAyQFs",52,"Female","learning",0,"deck5",NA,NA,NA,NA,13,"parity",8,69,851.084999972954,"Yes","Somewhat.","I liked the decks with the progress bar.","Yes. There were definite patterns in most of the decks.","Yes, the decks that alternated colors were the most difficult for me,",3,7,9,1,2,6,3,3,0,0,0,3,0,2,0,4,4,0,3,4,4,0,1,3,0,0,0,2,0,0,0,2,0,0,2,0,0,0,0,2,0,0,0,0,1,0,3,0,0,1,0,437711
"78","wtnE5ZvR2SAyQFs",52,"Female","learning",0,"deck5",NA,NA,NA,NA,14,"parity",2,69,930.315000005066,"Yes","Somewhat.","I liked the decks with the progress bar.","Yes. There were definite patterns in most of the decks.","Yes, the decks that alternated colors were the most difficult for me,",3,7,9,1,2,6,3,3,0,0,0,3,0,2,0,4,4,0,3,4,4,0,1,3,0,0,0,2,0,0,0,2,0,0,2,0,0,0,0,2,0,0,0,0,1,0,3,0,0,1,0,439143
"79","wtnE5ZvR2SAyQFs",52,"Female","learning",0,"deck5",NA,NA,NA,NA,15,"magnitude",1,69,954.440000001341,"Yes","Somewhat.","I liked the decks with the progress bar.","Yes. There were definite patterns in most of the decks.","Yes, the decks that alternated colors were the most difficult for me,",3,7,9,1,2,6,3,3,0,0,0,3,0,2,0,4,4,0,3,4,4,0,1,3,0,0,0,2,0,0,0,2,0,0,2,0,0,0,0,2,0,0,0,0,1,0,3,0,0,1,0,440599
"80","wtnE5ZvR2SAyQFs",52,"Female","learning",0,"deck5",NA,NA,NA,NA,16,"magnitude",6,73,1242.24499997217,"Yes","Somewhat.","I liked the decks with the progress bar.","Yes. There were definite patterns in most of the decks.","Yes, the decks that alternated colors were the most difficult for me,",3,7,9,1,2,6,3,3,0,0,0,3,0,2,0,4,4,0,3,4,4,0,1,3,0,0,0,2,0,0,0,2,0,0,2,0,0,0,0,2,0,0,0,0,1,0,3,0,0,1,0,442343
"81","wtnE5ZvR2SAyQFs",52,"Female","learning",0,"deck6",NA,NA,NA,NA,1,"parity",8,69,1313.76000004821,"Yes","Somewhat.","I liked the decks with the progress bar.","Yes. There were definite patterns in most of the decks.","Yes, the decks that alternated colors were the most difficult for me,",3,7,9,1,2,6,3,3,0,0,0,3,0,2,0,4,4,0,3,4,4,0,1,3,0,0,0,2,0,0,0,2,0,0,2,0,0,0,0,2,0,0,0,0,1,0,3,0,0,1,0,451335
"82","wtnE5ZvR2SAyQFs",52,"Female","learning",0,"deck6",NA,NA,NA,NA,2,"magnitude",1,73,1242.40999994799,"Yes","Somewhat.","I liked the decks with the progress bar.","Yes. There were definite patterns in most of the decks.","Yes, the decks that alternated colors were the most difficult for me,",3,7,9,1,2,6,3,3,0,0,0,3,0,2,0,4,4,0,3,4,4,0,1,3,0,0,0,2,0,0,0,2,0,0,2,0,0,0,0,2,0,0,0,0,1,0,3,0,0,1,0,453078
"83","wtnE5ZvR2SAyQFs",52,"Female","learning",0,"deck6",NA,NA,NA,NA,3,"parity",3,73,1987.83500003628,"Yes","Somewhat.","I liked the decks with the progress bar.","Yes. There were definite patterns in most of the decks.","Yes, the decks that alternated colors were the most difficult for me,",3,7,9,1,2,6,3,3,0,0,0,3,0,2,0,4,4,0,3,4,4,0,1,3,0,0,0,2,0,0,0,2,0,0,2,0,0,0,0,2,0,0,0,0,1,0,3,0,0,1,0,455568
"84","wtnE5ZvR2SAyQFs",52,"Female","learning",0,"deck6",NA,NA,NA,NA,4,"magnitude",4,69,1920.72000005282,"Yes","Somewhat.","I liked the decks with the progress bar.","Yes. There were definite patterns in most of the decks.","Yes, the decks that alternated colors were the most difficult for me,",3,7,9,1,2,6,3,3,0,0,0,3,0,2,0,4,4,0,3,4,4,0,1,3,0,0,0,2,0,0,0,2,0,0,2,0,0,0,0,2,0,0,0,0,1,0,3,0,0,1,0,457990
"85","wtnE5ZvR2SAyQFs",52,"Female","learning",0,"deck6",NA,NA,NA,NA,5,"parity",3,73,866.205000085756,"Yes","Somewhat.","I liked the decks with the progress bar.","Yes. There were definite patterns in most of the decks.","Yes, the decks that alternated colors were the most difficult for me,",3,7,9,1,2,6,3,3,0,0,0,3,0,2,0,4,4,0,3,4,4,0,1,3,0,0,0,2,0,0,0,2,0,0,2,0,0,0,0,2,0,0,0,0,1,0,3,0,0,1,0,459358
"86","wtnE5ZvR2SAyQFs",52,"Female","learning",0,"deck6",NA,NA,NA,NA,6,"magnitude",9,73,1874.27000002936,"Yes","Somewhat.","I liked the decks with the progress bar.","Yes. There were definite patterns in most of the decks.","Yes, the decks that alternated colors were the most difficult for me,",3,7,9,1,2,6,3,3,0,0,0,3,0,2,0,4,4,0,3,4,4,0,1,3,0,0,0,2,0,0,0,2,0,0,2,0,0,0,0,2,0,0,0,0,1,0,3,0,0,1,0,461735
"87","wtnE5ZvR2SAyQFs",52,"Female","learning",0,"deck6",NA,NA,NA,NA,7,"parity",3,73,1114.45500003174,"Yes","Somewhat.","I liked the decks with the progress bar.","Yes. There were definite patterns in most of the decks.","Yes, the decks that alternated colors were the most difficult for me,",3,7,9,1,2,6,3,3,0,0,0,3,0,2,0,4,4,0,3,4,4,0,1,3,0,0,0,2,0,0,0,2,0,0,2,0,0,0,0,2,0,0,0,0,1,0,3,0,0,1,0,463350
"88","wtnE5ZvR2SAyQFs",52,"Female","learning",0,"deck6",NA,NA,NA,NA,8,"parity",3,73,787.525000050664,"Yes","Somewhat.","I liked the decks with the progress bar.","Yes. There were definite patterns in most of the decks.","Yes, the decks that alternated colors were the most difficult for me,",3,7,9,1,2,6,3,3,0,0,0,3,0,2,0,4,4,0,3,4,4,0,1,3,0,0,0,2,0,0,0,2,0,0,2,0,0,0,0,2,0,0,0,0,1,0,3,0,0,1,0,464640
"89","wtnE5ZvR2SAyQFs",52,"Female","learning",0,"deck6",NA,NA,NA,NA,9,"magnitude",1,69,1048.59999998007,"Yes","Somewhat.","I liked the decks with the progress bar.","Yes. There were definite patterns in most of the decks.","Yes, the decks that alternated colors were the most difficult for me,",3,7,9,1,2,6,3,3,0,0,0,3,0,2,0,4,4,0,3,4,4,0,1,3,0,0,0,2,0,0,0,2,0,0,2,0,0,0,0,2,0,0,0,0,1,0,3,0,0,1,0,466190
"90","wtnE5ZvR2SAyQFs",52,"Female","learning",0,"deck6",NA,NA,NA,NA,10,"parity",4,69,849.870000034571,"Yes","Somewhat.","I liked the decks with the progress bar.","Yes. There were definite patterns in most of the decks.","Yes, the decks that alternated colors were the most difficult for me,",3,7,9,1,2,6,3,3,0,0,0,3,0,2,0,4,4,0,3,4,4,0,1,3,0,0,0,2,0,0,0,2,0,0,2,0,0,0,0,2,0,0,0,0,1,0,3,0,0,1,0,467542
"91","wtnE5ZvR2SAyQFs",52,"Female","learning",0,"deck6",NA,NA,NA,NA,11,"magnitude",8,73,1386.82499993593,"Yes","Somewhat.","I liked the decks with the progress bar.","Yes. There were definite patterns in most of the decks.","Yes, the decks that alternated colors were the most difficult for me,",3,7,9,1,2,6,3,3,0,0,0,3,0,2,0,4,4,0,3,4,4,0,1,3,0,0,0,2,0,0,0,2,0,0,2,0,0,0,0,2,0,0,0,0,1,0,3,0,0,1,0,469430
"92","wtnE5ZvR2SAyQFs",52,"Female","learning",0,"deck6",NA,NA,NA,NA,12,"parity",7,73,938.014999963343,"Yes","Somewhat.","I liked the decks with the progress bar.","Yes. There were definite patterns in most of the decks.","Yes, the decks that alternated colors were the most difficult for me,",3,7,9,1,2,6,3,3,0,0,0,3,0,2,0,4,4,0,3,4,4,0,1,3,0,0,0,2,0,0,0,2,0,0,2,0,0,0,0,2,0,0,0,0,1,0,3,0,0,1,0,470870
"93","wtnE5ZvR2SAyQFs",52,"Female","learning",0,"deck6",NA,NA,NA,NA,13,"magnitude",3,69,1121.93499994464,"Yes","Somewhat.","I liked the decks with the progress bar.","Yes. There were definite patterns in most of the decks.","Yes, the decks that alternated colors were the most difficult for me,",3,7,9,1,2,6,3,3,0,0,0,3,0,2,0,4,4,0,3,4,4,0,1,3,0,0,0,2,0,0,0,2,0,0,2,0,0,0,0,2,0,0,0,0,1,0,3,0,0,1,0,472494
"94","wtnE5ZvR2SAyQFs",52,"Female","learning",0,"deck6",NA,NA,NA,NA,14,"parity",1,69,1034.76999991108,"Yes","Somewhat.","I liked the decks with the progress bar.","Yes. There were definite patterns in most of the decks.","Yes, the decks that alternated colors were the most difficult for me,",3,7,9,1,2,6,3,3,0,0,0,3,0,2,0,4,4,0,3,4,4,0,1,3,0,0,0,2,0,0,0,2,0,0,2,0,0,0,0,2,0,0,0,0,1,0,3,0,0,1,0,474030
"95","wtnE5ZvR2SAyQFs",52,"Female","learning",0,"deck6",NA,NA,NA,NA,15,"magnitude",4,69,1290.29500007164,"Yes","Somewhat.","I liked the decks with the progress bar.","Yes. There were definite patterns in most of the decks.","Yes, the decks that alternated colors were the most difficult for me,",3,7,9,1,2,6,3,3,0,0,0,3,0,2,0,4,4,0,3,4,4,0,1,3,0,0,0,2,0,0,0,2,0,0,2,0,0,0,0,2,0,0,0,0,1,0,3,0,0,1,0,475822
"96","wtnE5ZvR2SAyQFs",52,"Female","learning",0,"deck6",NA,NA,NA,NA,16,"parity",1,73,746.780000044964,"Yes","Somewhat.","I liked the decks with the progress bar.","Yes. There were definite patterns in most of the decks.","Yes, the decks that alternated colors were the most difficult for me,",3,7,9,1,2,6,3,3,0,0,0,3,0,2,0,4,4,0,3,4,4,0,1,3,0,0,0,2,0,0,0,2,0,0,2,0,0,0,0,2,0,0,0,0,1,0,3,0,0,1,0,477070
"97","wtnE5ZvR2SAyQFs",52,"Female","learning",0,"deck1",NA,NA,NA,NA,1,"parity",8,69,1475.12999991886,"Yes","Somewhat.","I liked the decks with the progress bar.","Yes. There were definite patterns in most of the decks.","Yes, the decks that alternated colors were the most difficult for me,",3,7,9,1,2,6,3,3,0,0,0,3,0,2,0,4,4,0,3,4,4,0,1,3,0,0,0,2,0,0,0,2,0,0,2,0,0,0,0,2,0,0,0,0,1,0,3,0,0,1,0,482431
"98","wtnE5ZvR2SAyQFs",52,"Female","learning",0,"deck1",NA,NA,NA,NA,2,"parity",9,73,775.885000010021,"Yes","Somewhat.","I liked the decks with the progress bar.","Yes. There were definite patterns in most of the decks.","Yes, the decks that alternated colors were the most difficult for me,",3,7,9,1,2,6,3,3,0,0,0,3,0,2,0,4,4,0,3,4,4,0,1,3,0,0,0,2,0,0,0,2,0,0,2,0,0,0,0,2,0,0,0,0,1,0,3,0,0,1,0,483710
"99","wtnE5ZvR2SAyQFs",52,"Female","learning",0,"deck1",NA,NA,NA,NA,3,"parity",9,73,705.764999962412,"Yes","Somewhat.","I liked the decks with the progress bar.","Yes. There were definite patterns in most of the decks.","Yes, the decks that alternated colors were the most difficult for me,",3,7,9,1,2,6,3,3,0,0,0,3,0,2,0,4,4,0,3,4,4,0,1,3,0,0,0,2,0,0,0,2,0,0,2,0,0,0,0,2,0,0,0,0,1,0,3,0,0,1,0,484918
"100","wtnE5ZvR2SAyQFs",52,"Female","learning",0,"deck1",NA,NA,NA,NA,4,"parity",3,73,970.574999926612,"Yes","Somewhat.","I liked the decks with the progress bar.","Yes. There were definite patterns in most of the decks.","Yes, the decks that alternated colors were the most difficult for me,",3,7,9,1,2,6,3,3,0,0,0,3,0,2,0,4,4,0,3,4,4,0,1,3,0,0,0,2,0,0,0,2,0,0,2,0,0,0,0,2,0,0,0,0,1,0,3,0,0,1,0,486390
"101","wtnE5ZvR2SAyQFs",52,"Female","learning",0,"deck1",NA,NA,NA,NA,5,"parity",3,73,906.455000047572,"Yes","Somewhat.","I liked the decks with the progress bar.","Yes. There were definite patterns in most of the decks.","Yes, the decks that alternated colors were the most difficult for me,",3,7,9,1,2,6,3,3,0,0,0,3,0,2,0,4,4,0,3,4,4,0,1,3,0,0,0,2,0,0,0,2,0,0,2,0,0,0,0,2,0,0,0,0,1,0,3,0,0,1,0,487798
"102","wtnE5ZvR2SAyQFs",52,"Female","learning",0,"deck1",NA,NA,NA,NA,6,"parity",3,73,818.929999950342,"Yes","Somewhat.","I liked the decks with the progress bar.","Yes. There were definite patterns in most of the decks.","Yes, the decks that alternated colors were the most difficult for me,",3,7,9,1,2,6,3,3,0,0,0,3,0,2,0,4,4,0,3,4,4,0,1,3,0,0,0,2,0,0,0,2,0,0,2,0,0,0,0,2,0,0,0,0,1,0,3,0,0,1,0,489118
"103","wtnE5ZvR2SAyQFs",52,"Female","learning",0,"deck1",NA,NA,NA,NA,7,"parity",4,69,1034.38999992795,"Yes","Somewhat.","I liked the decks with the progress bar.","Yes. There were definite patterns in most of the decks.","Yes, the decks that alternated colors were the most difficult for me,",3,7,9,1,2,6,3,3,0,0,0,3,0,2,0,4,4,0,3,4,4,0,1,3,0,0,0,2,0,0,0,2,0,0,2,0,0,0,0,2,0,0,0,0,1,0,3,0,0,1,0,490654
"104","wtnE5ZvR2SAyQFs",52,"Female","learning",0,"deck1",NA,NA,NA,NA,8,"magnitude",2,69,914.369999896735,"Yes","Somewhat.","I liked the decks with the progress bar.","Yes. There were definite patterns in most of the decks.","Yes, the decks that alternated colors were the most difficult for me,",3,7,9,1,2,6,3,3,0,0,0,3,0,2,0,4,4,0,3,4,4,0,1,3,0,0,0,2,0,0,0,2,0,0,2,0,0,0,0,2,0,0,0,0,1,0,3,0,0,1,0,492070
"105","wtnE5ZvR2SAyQFs",52,"Female","learning",0,"deck1",NA,NA,NA,NA,9,"magnitude",6,73,874.030000064522,"Yes","Somewhat.","I liked the decks with the progress bar.","Yes. There were definite patterns in most of the decks.","Yes, the decks that alternated colors were the most difficult for me,",3,7,9,1,2,6,3,3,0,0,0,3,0,2,0,4,4,0,3,4,4,0,1,3,0,0,0,2,0,0,0,2,0,0,2,0,0,0,0,2,0,0,0,0,1,0,3,0,0,1,0,493446
"106","wtnE5ZvR2SAyQFs",52,"Female","learning",0,"deck1",NA,NA,NA,NA,10,"magnitude",2,69,579.09999997355,"Yes","Somewhat.","I liked the decks with the progress bar.","Yes. There were definite patterns in most of the decks.","Yes, the decks that alternated colors were the most difficult for me,",3,7,9,1,2,6,3,3,0,0,0,3,0,2,0,4,4,0,3,4,4,0,1,3,0,0,0,2,0,0,0,2,0,0,2,0,0,0,0,2,0,0,0,0,1,0,3,0,0,1,0,494526
"107","wtnE5ZvR2SAyQFs",52,"Female","learning",0,"deck1",NA,NA,NA,NA,11,"magnitude",8,73,594.430000055581,"Yes","Somewhat.","I liked the decks with the progress bar.","Yes. There were definite patterns in most of the decks.","Yes, the decks that alternated colors were the most difficult for me,",3,7,9,1,2,6,3,3,0,0,0,3,0,2,0,4,4,0,3,4,4,0,1,3,0,0,0,2,0,0,0,2,0,0,2,0,0,0,0,2,0,0,0,0,1,0,3,0,0,1,0,495622
"108","wtnE5ZvR2SAyQFs",52,"Female","learning",0,"deck1",NA,NA,NA,NA,12,"magnitude",8,73,633.970000082627,"Yes","Somewhat.","I liked the decks with the progress bar.","Yes. There were definite patterns in most of the decks.","Yes, the decks that alternated colors were the most difficult for me,",3,7,9,1,2,6,3,3,0,0,0,3,0,2,0,4,4,0,3,4,4,0,1,3,0,0,0,2,0,0,0,2,0,0,2,0,0,0,0,2,0,0,0,0,1,0,3,0,0,1,0,496758
"109","wtnE5ZvR2SAyQFs",52,"Female","learning",0,"deck1",NA,NA,NA,NA,13,"magnitude",3,69,1130.70500001777,"Yes","Somewhat.","I liked the decks with the progress bar.","Yes. There were definite patterns in most of the decks.","Yes, the decks that alternated colors were the most difficult for me,",3,7,9,1,2,6,3,3,0,0,0,3,0,2,0,4,4,0,3,4,4,0,1,3,0,0,0,2,0,0,0,2,0,0,2,0,0,0,0,2,0,0,0,0,1,0,3,0,0,1,0,498390
"110","wtnE5ZvR2SAyQFs",52,"Female","learning",0,"deck1",NA,NA,NA,NA,14,"magnitude",6,73,730.674999998882,"Yes","Somewhat.","I liked the decks with the progress bar.","Yes. There were definite patterns in most of the decks.","Yes, the decks that alternated colors were the most difficult for me,",3,7,9,1,2,6,3,3,0,0,0,3,0,2,0,4,4,0,3,4,4,0,1,3,0,0,0,2,0,0,0,2,0,0,2,0,0,0,0,2,0,0,0,0,1,0,3,0,0,1,0,499622
"111","wtnE5ZvR2SAyQFs",52,"Female","learning",0,"deck1",NA,NA,NA,NA,15,"magnitude",6,73,739.624999929219,"Yes","Somewhat.","I liked the decks with the progress bar.","Yes. There were definite patterns in most of the decks.","Yes, the decks that alternated colors were the most difficult for me,",3,7,9,1,2,6,3,3,0,0,0,3,0,2,0,4,4,0,3,4,4,0,1,3,0,0,0,2,0,0,0,2,0,0,2,0,0,0,0,2,0,0,0,0,1,0,3,0,0,1,0,500863
"112","wtnE5ZvR2SAyQFs",52,"Female","learning",0,"deck1",NA,NA,NA,NA,16,"parity",2,69,1327.40499998908,"Yes","Somewhat.","I liked the decks with the progress bar.","Yes. There were definite patterns in most of the decks.","Yes, the decks that alternated colors were the most difficult for me,",3,7,9,1,2,6,3,3,0,0,0,3,0,2,0,4,4,0,3,4,4,0,1,3,0,0,0,2,0,0,0,2,0,0,2,0,0,0,0,2,0,0,0,0,1,0,3,0,0,1,0,502694
"113","wtnE5ZvR2SAyQFs",52,"Female","learning",0,"deck2",NA,NA,NA,NA,1,"parity",6,69,2033.84500008542,"Yes","Somewhat.","I liked the decks with the progress bar.","Yes. There were definite patterns in most of the decks.","Yes, the decks that alternated colors were the most difficult for me,",3,7,9,1,2,6,3,3,0,0,0,3,0,2,0,4,4,0,3,4,4,0,1,3,0,0,0,2,0,0,0,2,0,0,2,0,0,0,0,2,0,0,0,0,1,0,3,0,0,1,0,510814
"114","wtnE5ZvR2SAyQFs",52,"Female","learning",0,"deck2",NA,NA,NA,NA,2,"parity",9,73,610.095000010915,"Yes","Somewhat.","I liked the decks with the progress bar.","Yes. There were definite patterns in most of the decks.","Yes, the decks that alternated colors were the most difficult for me,",3,7,9,1,2,6,3,3,0,0,0,3,0,2,0,4,4,0,3,4,4,0,1,3,0,0,0,2,0,0,0,2,0,0,2,0,0,0,0,2,0,0,0,0,1,0,3,0,0,1,0,511926
"115","wtnE5ZvR2SAyQFs",52,"Female","learning",0,"deck2",NA,NA,NA,NA,3,"magnitude",7,73,802.805000101216,"Yes","Somewhat.","I liked the decks with the progress bar.","Yes. There were definite patterns in most of the decks.","Yes, the decks that alternated colors were the most difficult for me,",3,7,9,1,2,6,3,3,0,0,0,3,0,2,0,4,4,0,3,4,4,0,1,3,0,0,0,2,0,0,0,2,0,0,2,0,0,0,0,2,0,0,0,0,1,0,3,0,0,1,0,513230
"116","wtnE5ZvR2SAyQFs",52,"Female","learning",0,"deck2",NA,NA,NA,NA,4,"magnitude",6,73,762.514999951236,"Yes","Somewhat.","I liked the decks with the progress bar.","Yes. There were definite patterns in most of the decks.","Yes, the decks that alternated colors were the most difficult for me,",3,7,9,1,2,6,3,3,0,0,0,3,0,2,0,4,4,0,3,4,4,0,1,3,0,0,0,2,0,0,0,2,0,0,2,0,0,0,0,2,0,0,0,0,1,0,3,0,0,1,0,514493
"117","wtnE5ZvR2SAyQFs",52,"Female","learning",0,"deck2",NA,NA,NA,NA,5,"magnitude",2,69,610.104999970645,"Yes","Somewhat.","I liked the decks with the progress bar.","Yes. There were definite patterns in most of the decks.","Yes, the decks that alternated colors were the most difficult for me,",3,7,9,1,2,6,3,3,0,0,0,3,0,2,0,4,4,0,3,4,4,0,1,3,0,0,0,2,0,0,0,2,0,0,2,0,0,0,0,2,0,0,0,0,1,0,3,0,0,1,0,515606
"118","wtnE5ZvR2SAyQFs",52,"Female","learning",0,"deck2",NA,NA,NA,NA,6,"parity",4,69,777.875000028871,"Yes","Somewhat.","I liked the decks with the progress bar.","Yes. There were definite patterns in most of the decks.","Yes, the decks that alternated colors were the most difficult for me,",3,7,9,1,2,6,3,3,0,0,0,3,0,2,0,4,4,0,3,4,4,0,1,3,0,0,0,2,0,0,0,2,0,0,2,0,0,0,0,2,0,0,0,0,1,0,3,0,0,1,0,516886
"119","wtnE5ZvR2SAyQFs",52,"Female","learning",0,"deck2",NA,NA,NA,NA,7,"parity",3,73,1132.20500003081,"Yes","Somewhat.","I liked the decks with the progress bar.","Yes. There were definite patterns in most of the decks.","Yes, the decks that alternated colors were the most difficult for me,",3,7,9,1,2,6,3,3,0,0,0,3,0,2,0,4,4,0,3,4,4,0,1,3,0,0,0,2,0,0,0,2,0,0,2,0,0,0,0,2,0,0,0,0,1,0,3,0,0,1,0,518519
"120","wtnE5ZvR2SAyQFs",52,"Female","learning",0,"deck2",NA,NA,NA,NA,8,"magnitude",9,73,912.275000009686,"Yes","Somewhat.","I liked the decks with the progress bar.","Yes. There were definite patterns in most of the decks.","Yes, the decks that alternated colors were the most difficult for me,",3,7,9,1,2,6,3,3,0,0,0,3,0,2,0,4,4,0,3,4,4,0,1,3,0,0,0,2,0,0,0,2,0,0,2,0,0,0,0,2,0,0,0,0,1,0,3,0,0,1,0,519934
"121","wtnE5ZvR2SAyQFs",52,"Female","learning",0,"deck2",NA,NA,NA,NA,9,"parity",6,73,1034.28000002168,"Yes","Somewhat.","I liked the decks with the progress bar.","Yes. There were definite patterns in most of the decks.","Yes, the decks that alternated colors were the most difficult for me,",3,7,9,1,2,6,3,3,0,0,0,3,0,2,0,4,4,0,3,4,4,0,1,3,0,0,0,2,0,0,0,2,0,0,2,0,0,0,0,2,0,0,0,0,1,0,3,0,0,1,0,521470
"122","wtnE5ZvR2SAyQFs",52,"Female","learning",0,"deck2",NA,NA,NA,NA,10,"parity",4,69,866.275000036694,"Yes","Somewhat.","I liked the decks with the progress bar.","Yes. There were definite patterns in most of the decks.","Yes, the decks that alternated colors were the most difficult for me,",3,7,9,1,2,6,3,3,0,0,0,3,0,2,0,4,4,0,3,4,4,0,1,3,0,0,0,2,0,0,0,2,0,0,2,0,0,0,0,2,0,0,0,0,1,0,3,0,0,1,0,522838
"123","wtnE5ZvR2SAyQFs",52,"Female","learning",0,"deck2",NA,NA,NA,NA,11,"magnitude",4,69,906.160000013188,"Yes","Somewhat.","I liked the decks with the progress bar.","Yes. There were definite patterns in most of the decks.","Yes, the decks that alternated colors were the most difficult for me,",3,7,9,1,2,6,3,3,0,0,0,3,0,2,0,4,4,0,3,4,4,0,1,3,0,0,0,2,0,0,0,2,0,0,2,0,0,0,0,2,0,0,0,0,1,0,3,0,0,1,0,524246
"124","wtnE5ZvR2SAyQFs",52,"Female","learning",0,"deck2",NA,NA,NA,NA,12,"magnitude",3,69,777.830000035465,"Yes","Somewhat.","I liked the decks with the progress bar.","Yes. There were definite patterns in most of the decks.","Yes, the decks that alternated colors were the most difficult for me,",3,7,9,1,2,6,3,3,0,0,0,3,0,2,0,4,4,0,3,4,4,0,1,3,0,0,0,2,0,0,0,2,0,0,2,0,0,0,0,2,0,0,0,0,1,0,3,0,0,1,0,525525
"125","wtnE5ZvR2SAyQFs",52,"Female","learning",0,"deck2",NA,NA,NA,NA,13,"magnitude",2,69,657.594999996945,"Yes","Somewhat.","I liked the decks with the progress bar.","Yes. There were definite patterns in most of the decks.","Yes, the decks that alternated colors were the most difficult for me,",3,7,9,1,2,6,3,3,0,0,0,3,0,2,0,4,4,0,3,4,4,0,1,3,0,0,0,2,0,0,0,2,0,0,2,0,0,0,0,2,0,0,0,0,1,0,3,0,0,1,0,526685
"126","wtnE5ZvR2SAyQFs",52,"Female","learning",0,"deck2",NA,NA,NA,NA,14,"parity",1,73,906.004999997094,"Yes","Somewhat.","I liked the decks with the progress bar.","Yes. There were definite patterns in most of the decks.","Yes, the decks that alternated colors were the most difficult for me,",3,7,9,1,2,6,3,3,0,0,0,3,0,2,0,4,4,0,3,4,4,0,1,3,0,0,0,2,0,0,0,2,0,0,2,0,0,0,0,2,0,0,0,0,1,0,3,0,0,1,0,528093
"127","wtnE5ZvR2SAyQFs",52,"Female","learning",0,"deck2",NA,NA,NA,NA,15,"magnitude",2,69,986.105000018142,"Yes","Somewhat.","I liked the decks with the progress bar.","Yes. There were definite patterns in most of the decks.","Yes, the decks that alternated colors were the most difficult for me,",3,7,9,1,2,6,3,3,0,0,0,3,0,2,0,4,4,0,3,4,4,0,1,3,0,0,0,2,0,0,0,2,0,0,2,0,0,0,0,2,0,0,0,0,1,0,3,0,0,1,0,529581
"128","wtnE5ZvR2SAyQFs",52,"Female","learning",0,"deck2",NA,NA,NA,NA,16,"parity",8,69,1409.95999996085,"Yes","Somewhat.","I liked the decks with the progress bar.","Yes. There were definite patterns in most of the decks.","Yes, the decks that alternated colors were the most difficult for me,",3,7,9,1,2,6,3,3,0,0,0,3,0,2,0,4,4,0,3,4,4,0,1,3,0,0,0,2,0,0,0,2,0,0,2,0,0,0,0,2,0,0,0,0,1,0,3,0,0,1,0,531493
"129","wtnE5ZvR2SAyQFs",52,"Female","learning",0,"deck3",NA,NA,NA,NA,1,"magnitude",3,73,1442.30999995489,"Yes","Somewhat.","I liked the decks with the progress bar.","Yes. There were definite patterns in most of the decks.","Yes, the decks that alternated colors were the most difficult for me,",3,7,9,1,2,6,3,3,0,0,0,3,0,2,0,4,4,0,3,4,4,0,1,3,0,0,0,2,0,0,0,2,0,0,2,0,0,0,0,2,0,0,0,0,1,0,3,0,0,1,0,539093
"130","wtnE5ZvR2SAyQFs",52,"Female","learning",0,"deck3",NA,NA,NA,NA,2,"parity",4,69,1034.96999992058,"Yes","Somewhat.","I liked the decks with the progress bar.","Yes. There were definite patterns in most of the decks.","Yes, the decks that alternated colors were the most difficult for me,",3,7,9,1,2,6,3,3,0,0,0,3,0,2,0,4,4,0,3,4,4,0,1,3,0,0,0,2,0,0,0,2,0,0,2,0,0,0,0,2,0,0,0,0,1,0,3,0,0,1,0,540629
"131","wtnE5ZvR2SAyQFs",52,"Female","learning",0,"deck3",NA,NA,NA,NA,3,"magnitude",3,69,1089.80000007432,"Yes","Somewhat.","I liked the decks with the progress bar.","Yes. There were definite patterns in most of the decks.","Yes, the decks that alternated colors were the most difficult for me,",3,7,9,1,2,6,3,3,0,0,0,3,0,2,0,4,4,0,3,4,4,0,1,3,0,0,0,2,0,0,0,2,0,0,2,0,0,0,0,2,0,0,0,0,1,0,3,0,0,1,0,542221
"132","wtnE5ZvR2SAyQFs",52,"Female","learning",0,"deck3",NA,NA,NA,NA,4,"parity",6,69,1002.71499995142,"Yes","Somewhat.","I liked the decks with the progress bar.","Yes. There were definite patterns in most of the decks.","Yes, the decks that alternated colors were the most difficult for me,",3,7,9,1,2,6,3,3,0,0,0,3,0,2,0,4,4,0,3,4,4,0,1,3,0,0,0,2,0,0,0,2,0,0,2,0,0,0,0,2,0,0,0,0,1,0,3,0,0,1,0,543726
"133","wtnE5ZvR2SAyQFs",52,"Female","learning",0,"deck3",NA,NA,NA,NA,5,"magnitude",3,69,891.855000052601,"Yes","Somewhat.","I liked the decks with the progress bar.","Yes. There were definite patterns in most of the decks.","Yes, the decks that alternated colors were the most difficult for me,",3,7,9,1,2,6,3,3,0,0,0,3,0,2,0,4,4,0,3,4,4,0,1,3,0,0,0,2,0,0,0,2,0,0,2,0,0,0,0,2,0,0,0,0,1,0,3,0,0,1,0,545119
"134","wtnE5ZvR2SAyQFs",52,"Female","learning",0,"deck3",NA,NA,NA,NA,6,"parity",4,69,1104.89999991842,"Yes","Somewhat.","I liked the decks with the progress bar.","Yes. There were definite patterns in most of the decks.","Yes, the decks that alternated colors were the most difficult for me,",3,7,9,1,2,6,3,3,0,0,0,3,0,2,0,4,4,0,3,4,4,0,1,3,0,0,0,2,0,0,0,2,0,0,2,0,0,0,0,2,0,0,0,0,1,0,3,0,0,1,0,546726
"135","wtnE5ZvR2SAyQFs",52,"Female","learning",0,"deck3",NA,NA,NA,NA,7,"magnitude",8,69,1730.24999990594,"Yes","Somewhat.","I liked the decks with the progress bar.","Yes. There were definite patterns in most of the decks.","Yes, the decks that alternated colors were the most difficult for me,",3,7,9,1,2,6,3,3,0,0,0,3,0,2,0,4,4,0,3,4,4,0,1,3,0,0,0,2,0,0,0,2,0,0,2,0,0,0,0,2,0,0,0,0,1,0,3,0,0,1,0,548957
"136","wtnE5ZvR2SAyQFs",52,"Female","learning",0,"deck3",NA,NA,NA,NA,8,"parity",8,69,1082.55000005011,"Yes","Somewhat.","I liked the decks with the progress bar.","Yes. There were definite patterns in most of the decks.","Yes, the decks that alternated colors were the most difficult for me,",3,7,9,1,2,6,3,3,0,0,0,3,0,2,0,4,4,0,3,4,4,0,1,3,0,0,0,2,0,0,0,2,0,0,2,0,0,0,0,2,0,0,0,0,1,0,3,0,0,1,0,550541
"137","wtnE5ZvR2SAyQFs",52,"Female","learning",0,"deck3",NA,NA,NA,NA,9,"magnitude",3,69,994.859999977052,"Yes","Somewhat.","I liked the decks with the progress bar.","Yes. There were definite patterns in most of the decks.","Yes, the decks that alternated colors were the most difficult for me,",3,7,9,1,2,6,3,3,0,0,0,3,0,2,0,4,4,0,3,4,4,0,1,3,0,0,0,2,0,0,0,2,0,0,2,0,0,0,0,2,0,0,0,0,1,0,3,0,0,1,0,552038
"138","wtnE5ZvR2SAyQFs",52,"Female","learning",0,"deck3",NA,NA,NA,NA,10,"parity",2,73,1202.61000003666,"Yes","Somewhat.","I liked the decks with the progress bar.","Yes. There were definite patterns in most of the decks.","Yes, the decks that alternated colors were the most difficult for me,",3,7,9,1,2,6,3,3,0,0,0,3,0,2,0,4,4,0,3,4,4,0,1,3,0,0,0,2,0,0,0,2,0,0,2,0,0,0,0,2,0,0,0,0,1,0,3,0,0,1,0,553741
"139","wtnE5ZvR2SAyQFs",52,"Female","learning",0,"deck3",NA,NA,NA,NA,11,"magnitude",8,73,1114.21999998856,"Yes","Somewhat.","I liked the decks with the progress bar.","Yes. There were definite patterns in most of the decks.","Yes, the decks that alternated colors were the most difficult for me,",3,7,9,1,2,6,3,3,0,0,0,3,0,2,0,4,4,0,3,4,4,0,1,3,0,0,0,2,0,0,0,2,0,0,2,0,0,0,0,2,0,0,0,0,1,0,3,0,0,1,0,555357
"140","wtnE5ZvR2SAyQFs",52,"Female","learning",0,"deck3",NA,NA,NA,NA,12,"parity",1,69,953.929999959655,"Yes","Somewhat.","I liked the decks with the progress bar.","Yes. There were definite patterns in most of the decks.","Yes, the decks that alternated colors were the most difficult for me,",3,7,9,1,2,6,3,3,0,0,0,3,0,2,0,4,4,0,3,4,4,0,1,3,0,0,0,2,0,0,0,2,0,0,2,0,0,0,0,2,0,0,0,0,1,0,3,0,0,1,0,556813
"141","wtnE5ZvR2SAyQFs",52,"Female","learning",0,"deck3",NA,NA,NA,NA,13,"parity",4,69,1842.79000002425,"Yes","Somewhat.","I liked the decks with the progress bar.","Yes. There were definite patterns in most of the decks.","Yes, the decks that alternated colors were the most difficult for me,",3,7,9,1,2,6,3,3,0,0,0,3,0,2,0,4,4,0,3,4,4,0,1,3,0,0,0,2,0,0,0,2,0,0,2,0,0,0,0,2,0,0,0,0,1,0,3,0,0,1,0,559157
"142","wtnE5ZvR2SAyQFs",52,"Female","learning",0,"deck3",NA,NA,NA,NA,14,"magnitude",9,73,1082.24999997765,"Yes","Somewhat.","I liked the decks with the progress bar.","Yes. There were definite patterns in most of the decks.","Yes, the decks that alternated colors were the most difficult for me,",3,7,9,1,2,6,3,3,0,0,0,3,0,2,0,4,4,0,3,4,4,0,1,3,0,0,0,2,0,0,0,2,0,0,2,0,0,0,0,2,0,0,0,0,1,0,3,0,0,1,0,560741
"143","wtnE5ZvR2SAyQFs",52,"Female","learning",0,"deck3",NA,NA,NA,NA,15,"parity",7,73,2074.69500007574,"Yes","Somewhat.","I liked the decks with the progress bar.","Yes. There were definite patterns in most of the decks.","Yes, the decks that alternated colors were the most difficult for me,",3,7,9,1,2,6,3,3,0,0,0,3,0,2,0,4,4,0,3,4,4,0,1,3,0,0,0,2,0,0,0,2,0,0,2,0,0,0,0,2,0,0,0,0,1,0,3,0,0,1,0,563318
"144","wtnE5ZvR2SAyQFs",52,"Female","learning",0,"deck3",NA,NA,NA,NA,16,"magnitude",7,69,665.964999934658,"Yes","Somewhat.","I liked the decks with the progress bar.","Yes. There were definite patterns in most of the decks.","Yes, the decks that alternated colors were the most difficult for me,",3,7,9,1,2,6,3,3,0,0,0,3,0,2,0,4,4,0,3,4,4,0,1,3,0,0,0,2,0,0,0,2,0,0,2,0,0,0,0,2,0,0,0,0,1,0,3,0,0,1,0,564485
"145","wtnE5ZvR2SAyQFs",52,"Female","learning",0,"deck4",NA,NA,NA,NA,1,"parity",7,73,1594.10999994725,"Yes","Somewhat.","I liked the decks with the progress bar.","Yes. There were definite patterns in most of the decks.","Yes, the decks that alternated colors were the most difficult for me,",3,7,9,1,2,6,3,3,0,0,0,3,0,2,0,4,4,0,3,4,4,0,1,3,0,0,0,2,0,0,0,2,0,0,2,0,0,0,0,2,0,0,0,0,1,0,3,0,0,1,0,569893
"146","wtnE5ZvR2SAyQFs",52,"Female","learning",0,"deck4",NA,NA,NA,NA,2,"parity",1,73,746.064999955706,"Yes","Somewhat.","I liked the decks with the progress bar.","Yes. There were definite patterns in most of the decks.","Yes, the decks that alternated colors were the most difficult for me,",3,7,9,1,2,6,3,3,0,0,0,3,0,2,0,4,4,0,3,4,4,0,1,3,0,0,0,2,0,0,0,2,0,0,2,0,0,0,0,2,0,0,0,0,1,0,3,0,0,1,0,571142
"147","wtnE5ZvR2SAyQFs",52,"Female","learning",0,"deck4",NA,NA,NA,NA,3,"magnitude",4,69,843.39000005275,"Yes","Somewhat.","I liked the decks with the progress bar.","Yes. There were definite patterns in most of the decks.","Yes, the decks that alternated colors were the most difficult for me,",3,7,9,1,2,6,3,3,0,0,0,3,0,2,0,4,4,0,3,4,4,0,1,3,0,0,0,2,0,0,0,2,0,0,2,0,0,0,0,2,0,0,0,0,1,0,3,0,0,1,0,572486
"148","wtnE5ZvR2SAyQFs",52,"Female","learning",0,"deck4",NA,NA,NA,NA,4,"magnitude",3,69,793.97500003688,"Yes","Somewhat.","I liked the decks with the progress bar.","Yes. There were definite patterns in most of the decks.","Yes, the decks that alternated colors were the most difficult for me,",3,7,9,1,2,6,3,3,0,0,0,3,0,2,0,4,4,0,3,4,4,0,1,3,0,0,0,2,0,0,0,2,0,0,2,0,0,0,0,2,0,0,0,0,1,0,3,0,0,1,0,573781
"149","wtnE5ZvR2SAyQFs",52,"Female","learning",0,"deck4",NA,NA,NA,NA,5,"magnitude",2,69,794.654999976046,"Yes","Somewhat.","I liked the decks with the progress bar.","Yes. There were definite patterns in most of the decks.","Yes, the decks that alternated colors were the most difficult for me,",3,7,9,1,2,6,3,3,0,0,0,3,0,2,0,4,4,0,3,4,4,0,1,3,0,0,0,2,0,0,0,2,0,0,2,0,0,0,0,2,0,0,0,0,1,0,3,0,0,1,0,575077
"150","wtnE5ZvR2SAyQFs",52,"Female","learning",0,"deck4",NA,NA,NA,NA,6,"magnitude",8,73,634.349999949336,"Yes","Somewhat.","I liked the decks with the progress bar.","Yes. There were definite patterns in most of the decks.","Yes, the decks that alternated colors were the most difficult for me,",3,7,9,1,2,6,3,3,0,0,0,3,0,2,0,4,4,0,3,4,4,0,1,3,0,0,0,2,0,0,0,2,0,0,2,0,0,0,0,2,0,0,0,0,1,0,3,0,0,1,0,576213
"151","wtnE5ZvR2SAyQFs",52,"Female","learning",0,"deck4",NA,NA,NA,NA,7,"magnitude",9,73,513.905000058003,"Yes","Somewhat.","I liked the decks with the progress bar.","Yes. There were definite patterns in most of the decks.","Yes, the decks that alternated colors were the most difficult for me,",3,7,9,1,2,6,3,3,0,0,0,3,0,2,0,4,4,0,3,4,4,0,1,3,0,0,0,2,0,0,0,2,0,0,2,0,0,0,0,2,0,0,0,0,1,0,3,0,0,1,0,577229
"152","wtnE5ZvR2SAyQFs",52,"Female","learning",0,"deck4",NA,NA,NA,NA,8,"magnitude",1,69,1090.60500003397,"Yes","Somewhat.","I liked the decks with the progress bar.","Yes. There were definite patterns in most of the decks.","Yes, the decks that alternated colors were the most difficult for me,",3,7,9,1,2,6,3,3,0,0,0,3,0,2,0,4,4,0,3,4,4,0,1,3,0,0,0,2,0,0,0,2,0,0,2,0,0,0,0,2,0,0,0,0,1,0,3,0,0,1,0,578821
"153","wtnE5ZvR2SAyQFs",52,"Female","learning",0,"deck4",NA,NA,NA,NA,9,"parity",9,73,866.660000057891,"Yes","Somewhat.","I liked the decks with the progress bar.","Yes. There were definite patterns in most of the decks.","Yes, the decks that alternated colors were the most difficult for me,",3,7,9,1,2,6,3,3,0,0,0,3,0,2,0,4,4,0,3,4,4,0,1,3,0,0,0,2,0,0,0,2,0,0,2,0,0,0,0,2,0,0,0,0,1,0,3,0,0,1,0,580189
"154","wtnE5ZvR2SAyQFs",52,"Female","learning",0,"deck4",NA,NA,NA,NA,10,"parity",1,73,826.164999976754,"Yes","Somewhat.","I liked the decks with the progress bar.","Yes. There were definite patterns in most of the decks.","Yes, the decks that alternated colors were the most difficult for me,",3,7,9,1,2,6,3,3,0,0,0,3,0,2,0,4,4,0,3,4,4,0,1,3,0,0,0,2,0,0,0,2,0,0,2,0,0,0,0,2,0,0,0,0,1,0,3,0,0,1,0,581517
"155","wtnE5ZvR2SAyQFs",52,"Female","learning",0,"deck4",NA,NA,NA,NA,11,"parity",3,73,826.475000008941,"Yes","Somewhat.","I liked the decks with the progress bar.","Yes. There were definite patterns in most of the decks.","Yes, the decks that alternated colors were the most difficult for me,",3,7,9,1,2,6,3,3,0,0,0,3,0,2,0,4,4,0,3,4,4,0,1,3,0,0,0,2,0,0,0,2,0,0,2,0,0,0,0,2,0,0,0,0,1,0,3,0,0,1,0,582845
"156","wtnE5ZvR2SAyQFs",52,"Female","learning",0,"deck4",NA,NA,NA,NA,12,"parity",9,73,754.440000047907,"Yes","Somewhat.","I liked the decks with the progress bar.","Yes. There were definite patterns in most of the decks.","Yes, the decks that alternated colors were the most difficult for me,",3,7,9,1,2,6,3,3,0,0,0,3,0,2,0,4,4,0,3,4,4,0,1,3,0,0,0,2,0,0,0,2,0,0,2,0,0,0,0,2,0,0,0,0,1,0,3,0,0,1,0,584101
"157","wtnE5ZvR2SAyQFs",52,"Female","learning",0,"deck4",NA,NA,NA,NA,13,"parity",3,73,850.300000049174,"Yes","Somewhat.","I liked the decks with the progress bar.","Yes. There were definite patterns in most of the decks.","Yes, the decks that alternated colors were the most difficult for me,",3,7,9,1,2,6,3,3,0,0,0,3,0,2,0,4,4,0,3,4,4,0,1,3,0,0,0,2,0,0,0,2,0,0,2,0,0,0,0,2,0,0,0,0,1,0,3,0,0,1,0,585453
"158","wtnE5ZvR2SAyQFs",52,"Female","learning",0,"deck4",NA,NA,NA,NA,14,"parity",2,73,1033.76500005834,"Yes","Somewhat.","I liked the decks with the progress bar.","Yes. There were definite patterns in most of the decks.","Yes, the decks that alternated colors were the most difficult for me,",3,7,9,1,2,6,3,3,0,0,0,3,0,2,0,4,4,0,3,4,4,0,1,3,0,0,0,2,0,0,0,2,0,0,2,0,0,0,0,2,0,0,0,0,1,0,3,0,0,1,0,586989
"159","wtnE5ZvR2SAyQFs",52,"Female","learning",0,"deck4",NA,NA,NA,NA,15,"parity",2,69,474.660000065342,"Yes","Somewhat.","I liked the decks with the progress bar.","Yes. There were definite patterns in most of the decks.","Yes, the decks that alternated colors were the most difficult for me,",3,7,9,1,2,6,3,3,0,0,0,3,0,2,0,4,4,0,3,4,4,0,1,3,0,0,0,2,0,0,0,2,0,0,2,0,0,0,0,2,0,0,0,0,1,0,3,0,0,1,0,587965
"160","wtnE5ZvR2SAyQFs",52,"Female","learning",0,"deck4",NA,NA,NA,NA,16,"parity",9,73,722.390000009909,"Yes","Somewhat.","I liked the decks with the progress bar.","Yes. There were definite patterns in most of the decks.","Yes, the decks that alternated colors were the most difficult for me,",3,7,9,1,2,6,3,3,0,0,0,3,0,2,0,4,4,0,3,4,4,0,1,3,0,0,0,2,0,0,0,2,0,0,2,0,0,0,0,2,0,0,0,0,1,0,3,0,0,1,0,589189
"161","wtnE5ZvR2SAyQFs",52,"Female","learning",0,"deck5",NA,NA,NA,NA,1,"magnitude",2,69,1364.69499999657,"Yes","Somewhat.","I liked the decks with the progress bar.","Yes. There were definite patterns in most of the decks.","Yes, the decks that alternated colors were the most difficult for me,",3,7,9,1,2,6,3,3,0,0,0,3,0,2,0,4,4,0,3,4,4,0,1,3,0,0,0,2,0,0,0,2,0,0,2,0,0,0,0,2,0,0,0,0,1,0,3,0,0,1,0,592741
"162","wtnE5ZvR2SAyQFs",52,"Female","learning",0,"deck5",NA,NA,NA,NA,2,"magnitude",6,73,770.475000026636,"Yes","Somewhat.","I liked the decks with the progress bar.","Yes. There were definite patterns in most of the decks.","Yes, the decks that alternated colors were the most difficult for me,",3,7,9,1,2,6,3,3,0,0,0,3,0,2,0,4,4,0,3,4,4,0,1,3,0,0,0,2,0,0,0,2,0,0,2,0,0,0,0,2,0,0,0,0,1,0,3,0,0,1,0,594013
"163","wtnE5ZvR2SAyQFs",52,"Female","learning",0,"deck5",NA,NA,NA,NA,3,"parity",1,73,1073.36499996018,"Yes","Somewhat.","I liked the decks with the progress bar.","Yes. There were definite patterns in most of the decks.","Yes, the decks that alternated colors were the most difficult for me,",3,7,9,1,2,6,3,3,0,0,0,3,0,2,0,4,4,0,3,4,4,0,1,3,0,0,0,2,0,0,0,2,0,0,2,0,0,0,0,2,0,0,0,0,1,0,3,0,0,1,0,595589
"164","wtnE5ZvR2SAyQFs",52,"Female","learning",0,"deck5",NA,NA,NA,NA,4,"parity",6,69,706.235000048764,"Yes","Somewhat.","I liked the decks with the progress bar.","Yes. There were definite patterns in most of the decks.","Yes, the decks that alternated colors were the most difficult for me,",3,7,9,1,2,6,3,3,0,0,0,3,0,2,0,4,4,0,3,4,4,0,1,3,0,0,0,2,0,0,0,2,0,0,2,0,0,0,0,2,0,0,0,0,1,0,3,0,0,1,0,596797
"165","wtnE5ZvR2SAyQFs",52,"Female","learning",0,"deck5",NA,NA,NA,NA,5,"magnitude",7,73,1338.00999994855,"Yes","Somewhat.","I liked the decks with the progress bar.","Yes. There were definite patterns in most of the decks.","Yes, the decks that alternated colors were the most difficult for me,",3,7,9,1,2,6,3,3,0,0,0,3,0,2,0,4,4,0,3,4,4,0,1,3,0,0,0,2,0,0,0,2,0,0,2,0,0,0,0,2,0,0,0,0,1,0,3,0,0,1,0,598637
"166","wtnE5ZvR2SAyQFs",52,"Female","learning",0,"deck5",NA,NA,NA,NA,6,"magnitude",8,73,938.380000065081,"Yes","Somewhat.","I liked the decks with the progress bar.","Yes. There were definite patterns in most of the decks.","Yes, the decks that alternated colors were the most difficult for me,",3,7,9,1,2,6,3,3,0,0,0,3,0,2,0,4,4,0,3,4,4,0,1,3,0,0,0,2,0,0,0,2,0,0,2,0,0,0,0,2,0,0,0,0,1,0,3,0,0,1,0,600077
"167","wtnE5ZvR2SAyQFs",52,"Female","learning",0,"deck5",NA,NA,NA,NA,7,"parity",3,73,1099.00500008371,"Yes","Somewhat.","I liked the decks with the progress bar.","Yes. There were definite patterns in most of the decks.","Yes, the decks that alternated colors were the most difficult for me,",3,7,9,1,2,6,3,3,0,0,0,3,0,2,0,4,4,0,3,4,4,0,1,3,0,0,0,2,0,0,0,2,0,0,2,0,0,0,0,2,0,0,0,0,1,0,3,0,0,1,0,601677
"168","wtnE5ZvR2SAyQFs",52,"Female","learning",0,"deck5",NA,NA,NA,NA,8,"parity",8,69,817.780000041239,"Yes","Somewhat.","I liked the decks with the progress bar.","Yes. There were definite patterns in most of the decks.","Yes, the decks that alternated colors were the most difficult for me,",3,7,9,1,2,6,3,3,0,0,0,3,0,2,0,4,4,0,3,4,4,0,1,3,0,0,0,2,0,0,0,2,0,0,2,0,0,0,0,2,0,0,0,0,1,0,3,0,0,1,0,602997
"169","wtnE5ZvR2SAyQFs",52,"Female","learning",0,"deck5",NA,NA,NA,NA,9,"parity",2,69,850.424999953248,"Yes","Somewhat.","I liked the decks with the progress bar.","Yes. There were definite patterns in most of the decks.","Yes, the decks that alternated colors were the most difficult for me,",3,7,9,1,2,6,3,3,0,0,0,3,0,2,0,4,4,0,3,4,4,0,1,3,0,0,0,2,0,0,0,2,0,0,2,0,0,0,0,2,0,0,0,0,1,0,3,0,0,1,0,604349
"170","wtnE5ZvR2SAyQFs",52,"Female","learning",0,"deck5",NA,NA,NA,NA,10,"magnitude",9,73,882.585000013933,"Yes","Somewhat.","I liked the decks with the progress bar.","Yes. There were definite patterns in most of the decks.","Yes, the decks that alternated colors were the most difficult for me,",3,7,9,1,2,6,3,3,0,0,0,3,0,2,0,4,4,0,3,4,4,0,1,3,0,0,0,2,0,0,0,2,0,0,2,0,0,0,0,2,0,0,0,0,1,0,3,0,0,1,0,605733
"171","wtnE5ZvR2SAyQFs",52,"Female","learning",0,"deck5",NA,NA,NA,NA,11,"parity",1,73,914.140000008047,"Yes","Somewhat.","I liked the decks with the progress bar.","Yes. There were definite patterns in most of the decks.","Yes, the decks that alternated colors were the most difficult for me,",3,7,9,1,2,6,3,3,0,0,0,3,0,2,0,4,4,0,3,4,4,0,1,3,0,0,0,2,0,0,0,2,0,0,2,0,0,0,0,2,0,0,0,0,1,0,3,0,0,1,0,607149
"172","wtnE5ZvR2SAyQFs",52,"Female","learning",0,"deck5",NA,NA,NA,NA,12,"magnitude",6,73,1386.27000001725,"Yes","Somewhat.","I liked the decks with the progress bar.","Yes. There were definite patterns in most of the decks.","Yes, the decks that alternated colors were the most difficult for me,",3,7,9,1,2,6,3,3,0,0,0,3,0,2,0,4,4,0,3,4,4,0,1,3,0,0,0,2,0,0,0,2,0,0,2,0,0,0,0,2,0,0,0,0,1,0,3,0,0,1,0,609038
"173","wtnE5ZvR2SAyQFs",52,"Female","learning",0,"deck5",NA,NA,NA,NA,13,"magnitude",3,69,977.57999994792,"Yes","Somewhat.","I liked the decks with the progress bar.","Yes. There were definite patterns in most of the decks.","Yes, the decks that alternated colors were the most difficult for me,",3,7,9,1,2,6,3,3,0,0,0,3,0,2,0,4,4,0,3,4,4,0,1,3,0,0,0,2,0,0,0,2,0,0,2,0,0,0,0,2,0,0,0,0,1,0,3,0,0,1,0,610517
"174","wtnE5ZvR2SAyQFs",52,"Female","learning",0,"deck5",NA,NA,NA,NA,14,"magnitude",7,73,626.100000110455,"Yes","Somewhat.","I liked the decks with the progress bar.","Yes. There were definite patterns in most of the decks.","Yes, the decks that alternated colors were the most difficult for me,",3,7,9,1,2,6,3,3,0,0,0,3,0,2,0,4,4,0,3,4,4,0,1,3,0,0,0,2,0,0,0,2,0,0,2,0,0,0,0,2,0,0,0,0,1,0,3,0,0,1,0,611645
"175","wtnE5ZvR2SAyQFs",52,"Female","learning",0,"deck5",NA,NA,NA,NA,15,"parity",1,73,978.220000048168,"Yes","Somewhat.","I liked the decks with the progress bar.","Yes. There were definite patterns in most of the decks.","Yes, the decks that alternated colors were the most difficult for me,",3,7,9,1,2,6,3,3,0,0,0,3,0,2,0,4,4,0,3,4,4,0,1,3,0,0,0,2,0,0,0,2,0,0,2,0,0,0,0,2,0,0,0,0,1,0,3,0,0,1,0,613125
"176","wtnE5ZvR2SAyQFs",52,"Female","learning",0,"deck5",NA,NA,NA,NA,16,"magnitude",6,73,906.014999956824,"Yes","Somewhat.","I liked the decks with the progress bar.","Yes. There were definite patterns in most of the decks.","Yes, the decks that alternated colors were the most difficult for me,",3,7,9,1,2,6,3,3,0,0,0,3,0,2,0,4,4,0,3,4,4,0,1,3,0,0,0,2,0,0,0,2,0,0,2,0,0,0,0,2,0,0,0,0,1,0,3,0,0,1,0,614533
"177","wtnE5ZvR2SAyQFs",52,"Female","learning",0,"deck6",NA,NA,NA,NA,1,"parity",1,73,1288.94999995828,"Yes","Somewhat.","I liked the decks with the progress bar.","Yes. There were definite patterns in most of the decks.","Yes, the decks that alternated colors were the most difficult for me,",3,7,9,1,2,6,3,3,0,0,0,3,0,2,0,4,4,0,3,4,4,0,1,3,0,0,0,2,0,0,0,2,0,0,2,0,0,0,0,2,0,0,0,0,1,0,3,0,0,1,0,623813
"178","wtnE5ZvR2SAyQFs",52,"Female","learning",0,"deck6",NA,NA,NA,NA,2,"magnitude",8,73,738.720000023022,"Yes","Somewhat.","I liked the decks with the progress bar.","Yes. There were definite patterns in most of the decks.","Yes, the decks that alternated colors were the most difficult for me,",3,7,9,1,2,6,3,3,0,0,0,3,0,2,0,4,4,0,3,4,4,0,1,3,0,0,0,2,0,0,0,2,0,0,2,0,0,0,0,2,0,0,0,0,1,0,3,0,0,1,0,625053
"179","wtnE5ZvR2SAyQFs",52,"Female","learning",0,"deck6",NA,NA,NA,NA,3,"parity",8,69,756.075000041164,"Yes","Somewhat.","I liked the decks with the progress bar.","Yes. There were definite patterns in most of the decks.","Yes, the decks that alternated colors were the most difficult for me,",3,7,9,1,2,6,3,3,0,0,0,3,0,2,0,4,4,0,3,4,4,0,1,3,0,0,0,2,0,0,0,2,0,0,2,0,0,0,0,2,0,0,0,0,1,0,3,0,0,1,0,626312
"180","wtnE5ZvR2SAyQFs",52,"Female","learning",0,"deck6",NA,NA,NA,NA,4,"magnitude",8,73,863.169999909587,"Yes","Somewhat.","I liked the decks with the progress bar.","Yes. There were definite patterns in most of the decks.","Yes, the decks that alternated colors were the most difficult for me,",3,7,9,1,2,6,3,3,0,0,0,3,0,2,0,4,4,0,3,4,4,0,1,3,0,0,0,2,0,0,0,2,0,0,2,0,0,0,0,2,0,0,0,0,1,0,3,0,0,1,0,627677
"181","wtnE5ZvR2SAyQFs",52,"Female","learning",0,"deck6",NA,NA,NA,NA,5,"magnitude",2,69,1594.5650000358,"Yes","Somewhat.","I liked the decks with the progress bar.","Yes. There were definite patterns in most of the decks.","Yes, the decks that alternated colors were the most difficult for me,",3,7,9,1,2,6,3,3,0,0,0,3,0,2,0,4,4,0,3,4,4,0,1,3,0,0,0,2,0,0,0,2,0,0,2,0,0,0,0,2,0,0,0,0,1,0,3,0,0,1,0,629773
"182","wtnE5ZvR2SAyQFs",52,"Female","learning",0,"deck6",NA,NA,NA,NA,6,"parity",3,73,1282.07499999553,"Yes","Somewhat.","I liked the decks with the progress bar.","Yes. There were definite patterns in most of the decks.","Yes, the decks that alternated colors were the most difficult for me,",3,7,9,1,2,6,3,3,0,0,0,3,0,2,0,4,4,0,3,4,4,0,1,3,0,0,0,2,0,0,0,2,0,0,2,0,0,0,0,2,0,0,0,0,1,0,3,0,0,1,0,631557
"183","wtnE5ZvR2SAyQFs",52,"Female","learning",0,"deck6",NA,NA,NA,NA,7,"magnitude",6,73,842.234999989159,"Yes","Somewhat.","I liked the decks with the progress bar.","Yes. There were definite patterns in most of the decks.","Yes, the decks that alternated colors were the most difficult for me,",3,7,9,1,2,6,3,3,0,0,0,3,0,2,0,4,4,0,3,4,4,0,1,3,0,0,0,2,0,0,0,2,0,0,2,0,0,0,0,2,0,0,0,0,1,0,3,0,0,1,0,632901
"184","wtnE5ZvR2SAyQFs",52,"Female","learning",0,"deck6",NA,NA,NA,NA,8,"parity",1,73,1009.99000004958,"Yes","Somewhat.","I liked the decks with the progress bar.","Yes. There were definite patterns in most of the decks.","Yes, the decks that alternated colors were the most difficult for me,",3,7,9,1,2,6,3,3,0,0,0,3,0,2,0,4,4,0,3,4,4,0,1,3,0,0,0,2,0,0,0,2,0,0,2,0,0,0,0,2,0,0,0,0,1,0,3,0,0,1,0,634413
"185","wtnE5ZvR2SAyQFs",52,"Female","learning",0,"deck6",NA,NA,NA,NA,9,"magnitude",2,69,930.939999991097,"Yes","Somewhat.","I liked the decks with the progress bar.","Yes. There were definite patterns in most of the decks.","Yes, the decks that alternated colors were the most difficult for me,",3,7,9,1,2,6,3,3,0,0,0,3,0,2,0,4,4,0,3,4,4,0,1,3,0,0,0,2,0,0,0,2,0,0,2,0,0,0,0,2,0,0,0,0,1,0,3,0,0,1,0,635846
"186","wtnE5ZvR2SAyQFs",52,"Female","learning",0,"deck6",NA,NA,NA,NA,10,"parity",7,73,807.595000020228,"Yes","Somewhat.","I liked the decks with the progress bar.","Yes. There were definite patterns in most of the decks.","Yes, the decks that alternated colors were the most difficult for me,",3,7,9,1,2,6,3,3,0,0,0,3,0,2,0,4,4,0,3,4,4,0,1,3,0,0,0,2,0,0,0,2,0,0,2,0,0,0,0,2,0,0,0,0,1,0,3,0,0,1,0,637157
"187","wtnE5ZvR2SAyQFs",52,"Female","learning",0,"deck6",NA,NA,NA,NA,11,"magnitude",9,73,1658.47999998368,"Yes","Somewhat.","I liked the decks with the progress bar.","Yes. There were definite patterns in most of the decks.","Yes, the decks that alternated colors were the most difficult for me,",3,7,9,1,2,6,3,3,0,0,0,3,0,2,0,4,4,0,3,4,4,0,1,3,0,0,0,2,0,0,0,2,0,0,2,0,0,0,0,2,0,0,0,0,1,0,3,0,0,1,0,639317
"188","wtnE5ZvR2SAyQFs",52,"Female","learning",0,"deck6",NA,NA,NA,NA,12,"parity",3,73,882.840000092983,"Yes","Somewhat.","I liked the decks with the progress bar.","Yes. There were definite patterns in most of the decks.","Yes, the decks that alternated colors were the most difficult for me,",3,7,9,1,2,6,3,3,0,0,0,3,0,2,0,4,4,0,3,4,4,0,1,3,0,0,0,2,0,0,0,2,0,0,2,0,0,0,0,2,0,0,0,0,1,0,3,0,0,1,0,640701
"189","wtnE5ZvR2SAyQFs",52,"Female","learning",0,"deck6",NA,NA,NA,NA,13,"magnitude",3,69,986.275000032037,"Yes","Somewhat.","I liked the decks with the progress bar.","Yes. There were definite patterns in most of the decks.","Yes, the decks that alternated colors were the most difficult for me,",3,7,9,1,2,6,3,3,0,0,0,3,0,2,0,4,4,0,3,4,4,0,1,3,0,0,0,2,0,0,0,2,0,0,2,0,0,0,0,2,0,0,0,0,1,0,3,0,0,1,0,642189
"190","wtnE5ZvR2SAyQFs",52,"Female","learning",0,"deck6",NA,NA,NA,NA,14,"parity",7,73,1162.54499997012,"Yes","Somewhat.","I liked the decks with the progress bar.","Yes. There were definite patterns in most of the decks.","Yes, the decks that alternated colors were the most difficult for me,",3,7,9,1,2,6,3,3,0,0,0,3,0,2,0,4,4,0,3,4,4,0,1,3,0,0,0,2,0,0,0,2,0,0,2,0,0,0,0,2,0,0,0,0,1,0,3,0,0,1,0,643853
"191","wtnE5ZvR2SAyQFs",52,"Female","learning",0,"deck6",NA,NA,NA,NA,15,"magnitude",9,73,1986.81499995291,"Yes","Somewhat.","I liked the decks with the progress bar.","Yes. There were definite patterns in most of the decks.","Yes, the decks that alternated colors were the most difficult for me,",3,7,9,1,2,6,3,3,0,0,0,3,0,2,0,4,4,0,3,4,4,0,1,3,0,0,0,2,0,0,0,2,0,0,2,0,0,0,0,2,0,0,0,0,1,0,3,0,0,1,0,646341
"192","wtnE5ZvR2SAyQFs",52,"Female","learning",0,"deck6",NA,NA,NA,NA,16,"parity",9,69,730.240000062622,"Yes","Somewhat.","I liked the decks with the progress bar.","Yes. There were definite patterns in most of the decks.","Yes, the decks that alternated colors were the most difficult for me,",3,7,9,1,2,6,3,3,0,0,0,3,0,2,0,4,4,0,3,4,4,0,1,3,0,0,0,2,0,0,0,2,0,0,2,0,0,0,0,2,0,0,0,0,1,0,3,0,0,1,0,647573
"193","wtnE5ZvR2SAyQFs",52,"Female","learning",0,"deck1",NA,NA,NA,NA,1,"magnitude",2,69,1507.31499993708,"Yes","Somewhat.","I liked the decks with the progress bar.","Yes. There were definite patterns in most of the decks.","Yes, the decks that alternated colors were the most difficult for me,",3,7,9,1,2,6,3,3,0,0,0,3,0,2,0,4,4,0,3,4,4,0,1,3,0,0,0,2,0,0,0,2,0,0,2,0,0,0,0,2,0,0,0,0,1,0,3,0,0,1,0,653766
"194","wtnE5ZvR2SAyQFs",52,"Female","learning",0,"deck1",NA,NA,NA,NA,2,"magnitude",3,69,792.950000031851,"Yes","Somewhat.","I liked the decks with the progress bar.","Yes. There were definite patterns in most of the decks.","Yes, the decks that alternated colors were the most difficult for me,",3,7,9,1,2,6,3,3,0,0,0,3,0,2,0,4,4,0,3,4,4,0,1,3,0,0,0,2,0,0,0,2,0,0,2,0,0,0,0,2,0,0,0,0,1,0,3,0,0,1,0,655061
"195","wtnE5ZvR2SAyQFs",52,"Female","learning",0,"deck1",NA,NA,NA,NA,3,"magnitude",6,73,674.660000018775,"Yes","Somewhat.","I liked the decks with the progress bar.","Yes. There were definite patterns in most of the decks.","Yes, the decks that alternated colors were the most difficult for me,",3,7,9,1,2,6,3,3,0,0,0,3,0,2,0,4,4,0,3,4,4,0,1,3,0,0,0,2,0,0,0,2,0,0,2,0,0,0,0,2,0,0,0,0,1,0,3,0,0,1,0,656237
"196","wtnE5ZvR2SAyQFs",52,"Female","learning",0,"deck1",NA,NA,NA,NA,4,"magnitude",4,69,1658.23000005912,"Yes","Somewhat.","I liked the decks with the progress bar.","Yes. There were definite patterns in most of the decks.","Yes, the decks that alternated colors were the most difficult for me,",3,7,9,1,2,6,3,3,0,0,0,3,0,2,0,4,4,0,3,4,4,0,1,3,0,0,0,2,0,0,0,2,0,0,2,0,0,0,0,2,0,0,0,0,1,0,3,0,0,1,0,658397
"197","wtnE5ZvR2SAyQFs",52,"Female","learning",0,"deck1",NA,NA,NA,NA,5,"magnitude",8,73,698.650000034831,"Yes","Somewhat.","I liked the decks with the progress bar.","Yes. There were definite patterns in most of the decks.","Yes, the decks that alternated colors were the most difficult for me,",3,7,9,1,2,6,3,3,0,0,0,3,0,2,0,4,4,0,3,4,4,0,1,3,0,0,0,2,0,0,0,2,0,0,2,0,0,0,0,2,0,0,0,0,1,0,3,0,0,1,0,659597
"198","wtnE5ZvR2SAyQFs",52,"Female","learning",0,"deck1",NA,NA,NA,NA,6,"magnitude",1,69,1042.32000000775,"Yes","Somewhat.","I liked the decks with the progress bar.","Yes. There were definite patterns in most of the decks.","Yes, the decks that alternated colors were the most difficult for me,",3,7,9,1,2,6,3,3,0,0,0,3,0,2,0,4,4,0,3,4,4,0,1,3,0,0,0,2,0,0,0,2,0,0,2,0,0,0,0,2,0,0,0,0,1,0,3,0,0,1,0,661140
"199","wtnE5ZvR2SAyQFs",52,"Female","learning",0,"deck1",NA,NA,NA,NA,7,"parity",3,73,1130.99499989767,"Yes","Somewhat.","I liked the decks with the progress bar.","Yes. There were definite patterns in most of the decks.","Yes, the decks that alternated colors were the most difficult for me,",3,7,9,1,2,6,3,3,0,0,0,3,0,2,0,4,4,0,3,4,4,0,1,3,0,0,0,2,0,0,0,2,0,0,2,0,0,0,0,2,0,0,0,0,1,0,3,0,0,1,0,662774
"200","wtnE5ZvR2SAyQFs",52,"Female","learning",0,"deck1",NA,NA,NA,NA,8,"parity",2,69,656.929999939166,"Yes","Somewhat.","I liked the decks with the progress bar.","Yes. There were definite patterns in most of the decks.","Yes, the decks that alternated colors were the most difficult for me,",3,7,9,1,2,6,3,3,0,0,0,3,0,2,0,4,4,0,3,4,4,0,1,3,0,0,0,2,0,0,0,2,0,0,2,0,0,0,0,2,0,0,0,0,1,0,3,0,0,1,0,663932
"201","wtnE5ZvR2SAyQFs",52,"Female","learning",0,"deck1",NA,NA,NA,NA,9,"parity",7,73,818.785000010394,"Yes","Somewhat.","I liked the decks with the progress bar.","Yes. There were definite patterns in most of the decks.","Yes, the decks that alternated colors were the most difficult for me,",3,7,9,1,2,6,3,3,0,0,0,3,0,2,0,4,4,0,3,4,4,0,1,3,0,0,0,2,0,0,0,2,0,0,2,0,0,0,0,2,0,0,0,0,1,0,3,0,0,1,0,665252
"202","wtnE5ZvR2SAyQFs",52,"Female","learning",0,"deck1",NA,NA,NA,NA,10,"parity",4,69,890.499999979511,"Yes","Somewhat.","I liked the decks with the progress bar.","Yes. There were definite patterns in most of the decks.","Yes, the decks that alternated colors were the most difficult for me,",3,7,9,1,2,6,3,3,0,0,0,3,0,2,0,4,4,0,3,4,4,0,1,3,0,0,0,2,0,0,0,2,0,0,2,0,0,0,0,2,0,0,0,0,1,0,3,0,0,1,0,666644
"203","wtnE5ZvR2SAyQFs",52,"Female","learning",0,"deck1",NA,NA,NA,NA,11,"parity",9,73,746.234999969602,"Yes","Somewhat.","I liked the decks with the progress bar.","Yes. There were definite patterns in most of the decks.","Yes, the decks that alternated colors were the most difficult for me,",3,7,9,1,2,6,3,3,0,0,0,3,0,2,0,4,4,0,3,4,4,0,1,3,0,0,0,2,0,0,0,2,0,0,2,0,0,0,0,2,0,0,0,0,1,0,3,0,0,1,0,667892
"204","wtnE5ZvR2SAyQFs",52,"Female","learning",0,"deck1",NA,NA,NA,NA,12,"magnitude",4,69,1177.82500002068,"Yes","Somewhat.","I liked the decks with the progress bar.","Yes. There were definite patterns in most of the decks.","Yes, the decks that alternated colors were the most difficult for me,",3,7,9,1,2,6,3,3,0,0,0,3,0,2,0,4,4,0,3,4,4,0,1,3,0,0,0,2,0,0,0,2,0,0,2,0,0,0,0,2,0,0,0,0,1,0,3,0,0,1,0,669572
"205","wtnE5ZvR2SAyQFs",52,"Female","learning",0,"deck1",NA,NA,NA,NA,13,"magnitude",6,73,962.590000010096,"Yes","Somewhat.","I liked the decks with the progress bar.","Yes. There were definite patterns in most of the decks.","Yes, the decks that alternated colors were the most difficult for me,",3,7,9,1,2,6,3,3,0,0,0,3,0,2,0,4,4,0,3,4,4,0,1,3,0,0,0,2,0,0,0,2,0,0,2,0,0,0,0,2,0,0,0,0,1,0,3,0,0,1,0,671036
"206","wtnE5ZvR2SAyQFs",52,"Female","learning",0,"deck1",NA,NA,NA,NA,14,"magnitude",3,69,657.980000018142,"Yes","Somewhat.","I liked the decks with the progress bar.","Yes. There were definite patterns in most of the decks.","Yes, the decks that alternated colors were the most difficult for me,",3,7,9,1,2,6,3,3,0,0,0,3,0,2,0,4,4,0,3,4,4,0,1,3,0,0,0,2,0,0,0,2,0,0,2,0,0,0,0,2,0,0,0,0,1,0,3,0,0,1,0,672196
"207","wtnE5ZvR2SAyQFs",52,"Female","learning",0,"deck1",NA,NA,NA,NA,15,"magnitude",6,73,626.625000033528,"Yes","Somewhat.","I liked the decks with the progress bar.","Yes. There were definite patterns in most of the decks.","Yes, the decks that alternated colors were the most difficult for me,",3,7,9,1,2,6,3,3,0,0,0,3,0,2,0,4,4,0,3,4,4,0,1,3,0,0,0,2,0,0,0,2,0,0,2,0,0,0,0,2,0,0,0,0,1,0,3,0,0,1,0,673324
"208","wtnE5ZvR2SAyQFs",52,"Female","learning",0,"deck1",NA,NA,NA,NA,16,"magnitude",2,69,619.309999980032,"Yes","Somewhat.","I liked the decks with the progress bar.","Yes. There were definite patterns in most of the decks.","Yes, the decks that alternated colors were the most difficult for me,",3,7,9,1,2,6,3,3,0,0,0,3,0,2,0,4,4,0,3,4,4,0,1,3,0,0,0,2,0,0,0,2,0,0,2,0,0,0,0,2,0,0,0,0,1,0,3,0,0,1,0,674444
"209","wtnE5ZvR2SAyQFs",52,"Female","learning",0,"deck2",NA,NA,NA,NA,1,"magnitude",2,69,2145.50500002224,"Yes","Somewhat.","I liked the decks with the progress bar.","Yes. There were definite patterns in most of the decks.","Yes, the decks that alternated colors were the most difficult for me,",3,7,9,1,2,6,3,3,0,0,0,3,0,2,0,4,4,0,3,4,4,0,1,3,0,0,0,2,0,0,0,2,0,0,2,0,0,0,0,2,0,0,0,0,1,0,3,0,0,1,0,682244
"210","wtnE5ZvR2SAyQFs",52,"Female","learning",0,"deck2",NA,NA,NA,NA,2,"magnitude",4,69,874.699999927543,"Yes","Somewhat.","I liked the decks with the progress bar.","Yes. There were definite patterns in most of the decks.","Yes, the decks that alternated colors were the most difficult for me,",3,7,9,1,2,6,3,3,0,0,0,3,0,2,0,4,4,0,3,4,4,0,1,3,0,0,0,2,0,0,0,2,0,0,2,0,0,0,0,2,0,0,0,0,1,0,3,0,0,1,0,683620
"211","wtnE5ZvR2SAyQFs",52,"Female","learning",0,"deck2",NA,NA,NA,NA,3,"magnitude",9,73,602.560000028461,"Yes","Somewhat.","I liked the decks with the progress bar.","Yes. There were definite patterns in most of the decks.","Yes, the decks that alternated colors were the most difficult for me,",3,7,9,1,2,6,3,3,0,0,0,3,0,2,0,4,4,0,3,4,4,0,1,3,0,0,0,2,0,0,0,2,0,0,2,0,0,0,0,2,0,0,0,0,1,0,3,0,0,1,0,684724
"212","wtnE5ZvR2SAyQFs",52,"Female","learning",0,"deck2",NA,NA,NA,NA,4,"magnitude",6,73,770.170000032522,"Yes","Somewhat.","I liked the decks with the progress bar.","Yes. There were definite patterns in most of the decks.","Yes, the decks that alternated colors were the most difficult for me,",3,7,9,1,2,6,3,3,0,0,0,3,0,2,0,4,4,0,3,4,4,0,1,3,0,0,0,2,0,0,0,2,0,0,2,0,0,0,0,2,0,0,0,0,1,0,3,0,0,1,0,685996
"213","wtnE5ZvR2SAyQFs",52,"Female","learning",0,"deck2",NA,NA,NA,NA,5,"parity",9,73,785.964999930002,"Yes","Somewhat.","I liked the decks with the progress bar.","Yes. There were definite patterns in most of the decks.","Yes, the decks that alternated colors were the most difficult for me,",3,7,9,1,2,6,3,3,0,0,0,3,0,2,0,4,4,0,3,4,4,0,1,3,0,0,0,2,0,0,0,2,0,0,2,0,0,0,0,2,0,0,0,0,1,0,3,0,0,1,0,687284
"214","wtnE5ZvR2SAyQFs",52,"Female","learning",0,"deck2",NA,NA,NA,NA,6,"parity",4,69,618.849999969825,"Yes","Somewhat.","I liked the decks with the progress bar.","Yes. There were definite patterns in most of the decks.","Yes, the decks that alternated colors were the most difficult for me,",3,7,9,1,2,6,3,3,0,0,0,3,0,2,0,4,4,0,3,4,4,0,1,3,0,0,0,2,0,0,0,2,0,0,2,0,0,0,0,2,0,0,0,0,1,0,3,0,0,1,0,688404
"215","wtnE5ZvR2SAyQFs",52,"Female","learning",0,"deck2",NA,NA,NA,NA,7,"magnitude",9,73,826.920000021346,"Yes","Somewhat.","I liked the decks with the progress bar.","Yes. There were definite patterns in most of the decks.","Yes, the decks that alternated colors were the most difficult for me,",3,7,9,1,2,6,3,3,0,0,0,3,0,2,0,4,4,0,3,4,4,0,1,3,0,0,0,2,0,0,0,2,0,0,2,0,0,0,0,2,0,0,0,0,1,0,3,0,0,1,0,689732
"216","wtnE5ZvR2SAyQFs",52,"Female","learning",0,"deck2",NA,NA,NA,NA,8,"magnitude",9,73,769.220000016503,"Yes","Somewhat.","I liked the decks with the progress bar.","Yes. There were definite patterns in most of the decks.","Yes, the decks that alternated colors were the most difficult for me,",3,7,9,1,2,6,3,3,0,0,0,3,0,2,0,4,4,0,3,4,4,0,1,3,0,0,0,2,0,0,0,2,0,0,2,0,0,0,0,2,0,0,0,0,1,0,3,0,0,1,0,691004
"217","wtnE5ZvR2SAyQFs",52,"Female","learning",0,"deck2",NA,NA,NA,NA,9,"parity",2,69,1386.38499996159,"Yes","Somewhat.","I liked the decks with the progress bar.","Yes. There were definite patterns in most of the decks.","Yes, the decks that alternated colors were the most difficult for me,",3,7,9,1,2,6,3,3,0,0,0,3,0,2,0,4,4,0,3,4,4,0,1,3,0,0,0,2,0,0,0,2,0,0,2,0,0,0,0,2,0,0,0,0,1,0,3,0,0,1,0,692892
"218","wtnE5ZvR2SAyQFs",52,"Female","learning",0,"deck2",NA,NA,NA,NA,10,"magnitude",7,73,1506.50999997742,"Yes","Somewhat.","I liked the decks with the progress bar.","Yes. There were definite patterns in most of the decks.","Yes, the decks that alternated colors were the most difficult for me,",3,7,9,1,2,6,3,3,0,0,0,3,0,2,0,4,4,0,3,4,4,0,1,3,0,0,0,2,0,0,0,2,0,0,2,0,0,0,0,2,0,0,0,0,1,0,3,0,0,1,0,694900
"219","wtnE5ZvR2SAyQFs",52,"Female","learning",0,"deck2",NA,NA,NA,NA,11,"magnitude",6,73,1018.7600000063,"Yes","Somewhat.","I liked the decks with the progress bar.","Yes. There were definite patterns in most of the decks.","Yes, the decks that alternated colors were the most difficult for me,",3,7,9,1,2,6,3,3,0,0,0,3,0,2,0,4,4,0,3,4,4,0,1,3,0,0,0,2,0,0,0,2,0,0,2,0,0,0,0,2,0,0,0,0,1,0,3,0,0,1,0,696420
"220","wtnE5ZvR2SAyQFs",52,"Female","learning",0,"deck2",NA,NA,NA,NA,12,"parity",4,69,754.745000042021,"Yes","Somewhat.","I liked the decks with the progress bar.","Yes. There were definite patterns in most of the decks.","Yes, the decks that alternated colors were the most difficult for me,",3,7,9,1,2,6,3,3,0,0,0,3,0,2,0,4,4,0,3,4,4,0,1,3,0,0,0,2,0,0,0,2,0,0,2,0,0,0,0,2,0,0,0,0,1,0,3,0,0,1,0,697676
"221","wtnE5ZvR2SAyQFs",52,"Female","learning",0,"deck2",NA,NA,NA,NA,13,"magnitude",8,73,994.659999967553,"Yes","Somewhat.","I liked the decks with the progress bar.","Yes. There were definite patterns in most of the decks.","Yes, the decks that alternated colors were the most difficult for me,",3,7,9,1,2,6,3,3,0,0,0,3,0,2,0,4,4,0,3,4,4,0,1,3,0,0,0,2,0,0,0,2,0,0,2,0,0,0,0,2,0,0,0,0,1,0,3,0,0,1,0,699172
"222","wtnE5ZvR2SAyQFs",52,"Female","learning",0,"deck2",NA,NA,NA,NA,14,"parity",2,69,994.435000000522,"Yes","Somewhat.","I liked the decks with the progress bar.","Yes. There were definite patterns in most of the decks.","Yes, the decks that alternated colors were the most difficult for me,",3,7,9,1,2,6,3,3,0,0,0,3,0,2,0,4,4,0,3,4,4,0,1,3,0,0,0,2,0,0,0,2,0,0,2,0,0,0,0,2,0,0,0,0,1,0,3,0,0,1,0,700668
"223","wtnE5ZvR2SAyQFs",52,"Female","learning",0,"deck2",NA,NA,NA,NA,15,"parity",6,69,786.199999973178,"Yes","Somewhat.","I liked the decks with the progress bar.","Yes. There were definite patterns in most of the decks.","Yes, the decks that alternated colors were the most difficult for me,",3,7,9,1,2,6,3,3,0,0,0,3,0,2,0,4,4,0,3,4,4,0,1,3,0,0,0,2,0,0,0,2,0,0,2,0,0,0,0,2,0,0,0,0,1,0,3,0,0,1,0,701956
"224","wtnE5ZvR2SAyQFs",52,"Female","learning",0,"deck2",NA,NA,NA,NA,16,"magnitude",7,73,810.505000059493,"Yes","Somewhat.","I liked the decks with the progress bar.","Yes. There were definite patterns in most of the decks.","Yes, the decks that alternated colors were the most difficult for me,",3,7,9,1,2,6,3,3,0,0,0,3,0,2,0,4,4,0,3,4,4,0,1,3,0,0,0,2,0,0,0,2,0,0,2,0,0,0,0,2,0,0,0,0,1,0,3,0,0,1,0,703268
"225","wtnE5ZvR2SAyQFs",52,"Female","learning",0,"deck3",NA,NA,NA,NA,1,"parity",2,69,1889.63500002865,"Yes","Somewhat.","I liked the decks with the progress bar.","Yes. There were definite patterns in most of the decks.","Yes, the decks that alternated colors were the most difficult for me,",3,7,9,1,2,6,3,3,0,0,0,3,0,2,0,4,4,0,3,4,4,0,1,3,0,0,0,2,0,0,0,2,0,0,2,0,0,0,0,2,0,0,0,0,1,0,3,0,0,1,0,708932
"226","wtnE5ZvR2SAyQFs",52,"Female","learning",0,"deck3",NA,NA,NA,NA,2,"magnitude",1,69,1250.6000000285,"Yes","Somewhat.","I liked the decks with the progress bar.","Yes. There were definite patterns in most of the decks.","Yes, the decks that alternated colors were the most difficult for me,",3,7,9,1,2,6,3,3,0,0,0,3,0,2,0,4,4,0,3,4,4,0,1,3,0,0,0,2,0,0,0,2,0,0,2,0,0,0,0,2,0,0,0,0,1,0,3,0,0,1,0,710684
"227","wtnE5ZvR2SAyQFs",52,"Female","learning",0,"deck3",NA,NA,NA,NA,3,"parity",4,69,802.630000049248,"Yes","Somewhat.","I liked the decks with the progress bar.","Yes. There were definite patterns in most of the decks.","Yes, the decks that alternated colors were the most difficult for me,",3,7,9,1,2,6,3,3,0,0,0,3,0,2,0,4,4,0,3,4,4,0,1,3,0,0,0,2,0,0,0,2,0,0,2,0,0,0,0,2,0,0,0,0,1,0,3,0,0,1,0,711988
"228","wtnE5ZvR2SAyQFs",52,"Female","learning",0,"deck3",NA,NA,NA,NA,4,"magnitude",9,73,1098.48499996588,"Yes","Somewhat.","I liked the decks with the progress bar.","Yes. There were definite patterns in most of the decks.","Yes, the decks that alternated colors were the most difficult for me,",3,7,9,1,2,6,3,3,0,0,0,3,0,2,0,4,4,0,3,4,4,0,1,3,0,0,0,2,0,0,0,2,0,0,2,0,0,0,0,2,0,0,0,0,1,0,3,0,0,1,0,713588
"229","wtnE5ZvR2SAyQFs",52,"Female","learning",0,"deck3",NA,NA,NA,NA,5,"parity",9,73,1025.34499997273,"Yes","Somewhat.","I liked the decks with the progress bar.","Yes. There were definite patterns in most of the decks.","Yes, the decks that alternated colors were the most difficult for me,",3,7,9,1,2,6,3,3,0,0,0,3,0,2,0,4,4,0,3,4,4,0,1,3,0,0,0,2,0,0,0,2,0,0,2,0,0,0,0,2,0,0,0,0,1,0,3,0,0,1,0,715116
"230","wtnE5ZvR2SAyQFs",52,"Female","learning",0,"deck3",NA,NA,NA,NA,6,"magnitude",1,69,1531.76000004169,"Yes","Somewhat.","I liked the decks with the progress bar.","Yes. There were definite patterns in most of the decks.","Yes, the decks that alternated colors were the most difficult for me,",3,7,9,1,2,6,3,3,0,0,0,3,0,2,0,4,4,0,3,4,4,0,1,3,0,0,0,2,0,0,0,2,0,0,2,0,0,0,0,2,0,0,0,0,1,0,3,0,0,1,0,717150
"231","wtnE5ZvR2SAyQFs",52,"Female","learning",0,"deck3",NA,NA,NA,NA,7,"parity",9,73,1320.22500003222,"Yes","Somewhat.","I liked the decks with the progress bar.","Yes. There were definite patterns in most of the decks.","Yes, the decks that alternated colors were the most difficult for me,",3,7,9,1,2,6,3,3,0,0,0,3,0,2,0,4,4,0,3,4,4,0,1,3,0,0,0,2,0,0,0,2,0,0,2,0,0,0,0,2,0,0,0,0,1,0,3,0,0,1,0,718972
"232","wtnE5ZvR2SAyQFs",52,"Female","learning",0,"deck3",NA,NA,NA,NA,8,"magnitude",2,69,953.370000002906,"Yes","Somewhat.","I liked the decks with the progress bar.","Yes. There were definite patterns in most of the decks.","Yes, the decks that alternated colors were the most difficult for me,",3,7,9,1,2,6,3,3,0,0,0,3,0,2,0,4,4,0,3,4,4,0,1,3,0,0,0,2,0,0,0,2,0,0,2,0,0,0,0,2,0,0,0,0,1,0,3,0,0,1,0,720428
"233","wtnE5ZvR2SAyQFs",52,"Female","learning",0,"deck3",NA,NA,NA,NA,9,"parity",7,73,1050.61999999452,"Yes","Somewhat.","I liked the decks with the progress bar.","Yes. There were definite patterns in most of the decks.","Yes, the decks that alternated colors were the most difficult for me,",3,7,9,1,2,6,3,3,0,0,0,3,0,2,0,4,4,0,3,4,4,0,1,3,0,0,0,2,0,0,0,2,0,0,2,0,0,0,0,2,0,0,0,0,1,0,3,0,0,1,0,721980
"234","wtnE5ZvR2SAyQFs",52,"Female","learning",0,"deck3",NA,NA,NA,NA,10,"magnitude",1,69,1313.23999993037,"Yes","Somewhat.","I liked the decks with the progress bar.","Yes. There were definite patterns in most of the decks.","Yes, the decks that alternated colors were the most difficult for me,",3,7,9,1,2,6,3,3,0,0,0,3,0,2,0,4,4,0,3,4,4,0,1,3,0,0,0,2,0,0,0,2,0,0,2,0,0,0,0,2,0,0,0,0,1,0,3,0,0,1,0,723795
"235","wtnE5ZvR2SAyQFs",52,"Female","learning",0,"deck3",NA,NA,NA,NA,11,"parity",3,73,1331.2600000063,"Yes","Somewhat.","I liked the decks with the progress bar.","Yes. There were definite patterns in most of the decks.","Yes, the decks that alternated colors were the most difficult for me,",3,7,9,1,2,6,3,3,0,0,0,3,0,2,0,4,4,0,3,4,4,0,1,3,0,0,0,2,0,0,0,2,0,0,2,0,0,0,0,2,0,0,0,0,1,0,3,0,0,1,0,725628
"236","wtnE5ZvR2SAyQFs",52,"Female","learning",0,"deck3",NA,NA,NA,NA,12,"parity",8,69,1200.66500001121,"Yes","Somewhat.","I liked the decks with the progress bar.","Yes. There were definite patterns in most of the decks.","Yes, the decks that alternated colors were the most difficult for me,",3,7,9,1,2,6,3,3,0,0,0,3,0,2,0,4,4,0,3,4,4,0,1,3,0,0,0,2,0,0,0,2,0,0,2,0,0,0,0,2,0,0,0,0,1,0,3,0,0,1,0,727331
"237","wtnE5ZvR2SAyQFs",52,"Female","learning",0,"deck3",NA,NA,NA,NA,13,"magnitude",1,69,858.815000043251,"Yes","Somewhat.","I liked the decks with the progress bar.","Yes. There were definite patterns in most of the decks.","Yes, the decks that alternated colors were the most difficult for me,",3,7,9,1,2,6,3,3,0,0,0,3,0,2,0,4,4,0,3,4,4,0,1,3,0,0,0,2,0,0,0,2,0,0,2,0,0,0,0,2,0,0,0,0,1,0,3,0,0,1,0,728691
"238","wtnE5ZvR2SAyQFs",52,"Female","learning",0,"deck3",NA,NA,NA,NA,14,"parity",3,73,1394.66999995057,"Yes","Somewhat.","I liked the decks with the progress bar.","Yes. There were definite patterns in most of the decks.","Yes, the decks that alternated colors were the most difficult for me,",3,7,9,1,2,6,3,3,0,0,0,3,0,2,0,4,4,0,3,4,4,0,1,3,0,0,0,2,0,0,0,2,0,0,2,0,0,0,0,2,0,0,0,0,1,0,3,0,0,1,0,730587
"239","wtnE5ZvR2SAyQFs",52,"Female","learning",0,"deck3",NA,NA,NA,NA,15,"magnitude",4,69,1073.52000009269,"Yes","Somewhat.","I liked the decks with the progress bar.","Yes. There were definite patterns in most of the decks.","Yes, the decks that alternated colors were the most difficult for me,",3,7,9,1,2,6,3,3,0,0,0,3,0,2,0,4,4,0,3,4,4,0,1,3,0,0,0,2,0,0,0,2,0,0,2,0,0,0,0,2,0,0,0,0,1,0,3,0,0,1,0,732163
"240","wtnE5ZvR2SAyQFs",52,"Female","learning",0,"deck3",NA,NA,NA,NA,16,"parity",8,69,1186.57999997959,"Yes","Somewhat.","I liked the decks with the progress bar.","Yes. There were definite patterns in most of the decks.","Yes, the decks that alternated colors were the most difficult for me,",3,7,9,1,2,6,3,3,0,0,0,3,0,2,0,4,4,0,3,4,4,0,1,3,0,0,0,2,0,0,0,2,0,0,2,0,0,0,0,2,0,0,0,0,1,0,3,0,0,1,0,733851
"241","wtnE5ZvR2SAyQFs",52,"Female","learning",0,"deck4",NA,NA,NA,NA,1,"magnitude",2,69,1137.98999995925,"Yes","Somewhat.","I liked the decks with the progress bar.","Yes. There were definite patterns in most of the decks.","Yes, the decks that alternated colors were the most difficult for me,",3,7,9,1,2,6,3,3,0,0,0,3,0,2,0,4,4,0,3,4,4,0,1,3,0,0,0,2,0,0,0,2,0,0,2,0,0,0,0,2,0,0,0,0,1,0,3,0,0,1,0,742043
"242","wtnE5ZvR2SAyQFs",52,"Female","learning",0,"deck4",NA,NA,NA,NA,2,"magnitude",8,73,618.664999958128,"Yes","Somewhat.","I liked the decks with the progress bar.","Yes. There were definite patterns in most of the decks.","Yes, the decks that alternated colors were the most difficult for me,",3,7,9,1,2,6,3,3,0,0,0,3,0,2,0,4,4,0,3,4,4,0,1,3,0,0,0,2,0,0,0,2,0,0,2,0,0,0,0,2,0,0,0,0,1,0,3,0,0,1,0,743163
"243","wtnE5ZvR2SAyQFs",52,"Female","learning",0,"deck4",NA,NA,NA,NA,3,"magnitude",7,73,826.005000039004,"Yes","Somewhat.","I liked the decks with the progress bar.","Yes. There were definite patterns in most of the decks.","Yes, the decks that alternated colors were the most difficult for me,",3,7,9,1,2,6,3,3,0,0,0,3,0,2,0,4,4,0,3,4,4,0,1,3,0,0,0,2,0,0,0,2,0,0,2,0,0,0,0,2,0,0,0,0,1,0,3,0,0,1,0,744491
"244","wtnE5ZvR2SAyQFs",52,"Female","learning",0,"deck4",NA,NA,NA,NA,4,"magnitude",6,73,762.514999951236,"Yes","Somewhat.","I liked the decks with the progress bar.","Yes. There were definite patterns in most of the decks.","Yes, the decks that alternated colors were the most difficult for me,",3,7,9,1,2,6,3,3,0,0,0,3,0,2,0,4,4,0,3,4,4,0,1,3,0,0,0,2,0,0,0,2,0,0,2,0,0,0,0,2,0,0,0,0,1,0,3,0,0,1,0,745755
"245","wtnE5ZvR2SAyQFs",52,"Female","learning",0,"deck4",NA,NA,NA,NA,5,"magnitude",1,69,618.0549999699,"Yes","Somewhat.","I liked the decks with the progress bar.","Yes. There were definite patterns in most of the decks.","Yes, the decks that alternated colors were the most difficult for me,",3,7,9,1,2,6,3,3,0,0,0,3,0,2,0,4,4,0,3,4,4,0,1,3,0,0,0,2,0,0,0,2,0,0,2,0,0,0,0,2,0,0,0,0,1,0,3,0,0,1,0,746875
"246","wtnE5ZvR2SAyQFs",52,"Female","learning",0,"deck4",NA,NA,NA,NA,6,"magnitude",7,73,713.830000022426,"Yes","Somewhat.","I liked the decks with the progress bar.","Yes. There were definite patterns in most of the decks.","Yes, the decks that alternated colors were the most difficult for me,",3,7,9,1,2,6,3,3,0,0,0,3,0,2,0,4,4,0,3,4,4,0,1,3,0,0,0,2,0,0,0,2,0,0,2,0,0,0,0,2,0,0,0,0,1,0,3,0,0,1,0,748091
"247","wtnE5ZvR2SAyQFs",52,"Female","learning",0,"deck4",NA,NA,NA,NA,7,"parity",3,73,1226.64999996778,"Yes","Somewhat.","I liked the decks with the progress bar.","Yes. There were definite patterns in most of the decks.","Yes, the decks that alternated colors were the most difficult for me,",3,7,9,1,2,6,3,3,0,0,0,3,0,2,0,4,4,0,3,4,4,0,1,3,0,0,0,2,0,0,0,2,0,0,2,0,0,0,0,2,0,0,0,0,1,0,3,0,0,1,0,749819
"248","wtnE5ZvR2SAyQFs",52,"Female","learning",0,"deck4",NA,NA,NA,NA,8,"magnitude",2,69,1058.49500000477,"Yes","Somewhat.","I liked the decks with the progress bar.","Yes. There were definite patterns in most of the decks.","Yes, the decks that alternated colors were the most difficult for me,",3,7,9,1,2,6,3,3,0,0,0,3,0,2,0,4,4,0,3,4,4,0,1,3,0,0,0,2,0,0,0,2,0,0,2,0,0,0,0,2,0,0,0,0,1,0,3,0,0,1,0,751379
"249","wtnE5ZvR2SAyQFs",52,"Female","learning",0,"deck4",NA,NA,NA,NA,9,"magnitude",7,73,1090.68000002299,"Yes","Somewhat.","I liked the decks with the progress bar.","Yes. There were definite patterns in most of the decks.","Yes, the decks that alternated colors were the most difficult for me,",3,7,9,1,2,6,3,3,0,0,0,3,0,2,0,4,4,0,3,4,4,0,1,3,0,0,0,2,0,0,0,2,0,0,2,0,0,0,0,2,0,0,0,0,1,0,3,0,0,1,0,752972
"250","wtnE5ZvR2SAyQFs",52,"Female","learning",0,"deck4",NA,NA,NA,NA,10,"magnitude",8,73,697.505000047386,"Yes","Somewhat.","I liked the decks with the progress bar.","Yes. There were definite patterns in most of the decks.","Yes, the decks that alternated colors were the most difficult for me,",3,7,9,1,2,6,3,3,0,0,0,3,0,2,0,4,4,0,3,4,4,0,1,3,0,0,0,2,0,0,0,2,0,0,2,0,0,0,0,2,0,0,0,0,1,0,3,0,0,1,0,754171
"251","wtnE5ZvR2SAyQFs",52,"Female","learning",0,"deck4",NA,NA,NA,NA,11,"magnitude",9,73,690.300000016578,"Yes","Somewhat.","I liked the decks with the progress bar.","Yes. There were definite patterns in most of the decks.","Yes, the decks that alternated colors were the most difficult for me,",3,7,9,1,2,6,3,3,0,0,0,3,0,2,0,4,4,0,3,4,4,0,1,3,0,0,0,2,0,0,0,2,0,0,2,0,0,0,0,2,0,0,0,0,1,0,3,0,0,1,0,755363
"252","wtnE5ZvR2SAyQFs",52,"Female","learning",0,"deck4",NA,NA,NA,NA,12,"magnitude",3,69,922.200000029989,"Yes","Somewhat.","I liked the decks with the progress bar.","Yes. There were definite patterns in most of the decks.","Yes, the decks that alternated colors were the most difficult for me,",3,7,9,1,2,6,3,3,0,0,0,3,0,2,0,4,4,0,3,4,4,0,1,3,0,0,0,2,0,0,0,2,0,0,2,0,0,0,0,2,0,0,0,0,1,0,3,0,0,1,0,756787
"253","wtnE5ZvR2SAyQFs",52,"Female","learning",0,"deck4",NA,NA,NA,NA,13,"magnitude",9,73,905.999999959022,"Yes","Somewhat.","I liked the decks with the progress bar.","Yes. There were definite patterns in most of the decks.","Yes, the decks that alternated colors were the most difficult for me,",3,7,9,1,2,6,3,3,0,0,0,3,0,2,0,4,4,0,3,4,4,0,1,3,0,0,0,2,0,0,0,2,0,0,2,0,0,0,0,2,0,0,0,0,1,0,3,0,0,1,0,758195
"254","wtnE5ZvR2SAyQFs",52,"Female","learning",0,"deck4",NA,NA,NA,NA,14,"magnitude",2,69,865.815000026487,"Yes","Somewhat.","I liked the decks with the progress bar.","Yes. There were definite patterns in most of the decks.","Yes, the decks that alternated colors were the most difficult for me,",3,7,9,1,2,6,3,3,0,0,0,3,0,2,0,4,4,0,3,4,4,0,1,3,0,0,0,2,0,0,0,2,0,0,2,0,0,0,0,2,0,0,0,0,1,0,3,0,0,1,0,759563
"255","wtnE5ZvR2SAyQFs",52,"Female","learning",0,"deck4",NA,NA,NA,NA,15,"magnitude",7,73,841.985000064597,"Yes","Somewhat.","I liked the decks with the progress bar.","Yes. There were definite patterns in most of the decks.","Yes, the decks that alternated colors were the most difficult for me,",3,7,9,1,2,6,3,3,0,0,0,3,0,2,0,4,4,0,3,4,4,0,1,3,0,0,0,2,0,0,0,2,0,0,2,0,0,0,0,2,0,0,0,0,1,0,3,0,0,1,0,760907
"256","wtnE5ZvR2SAyQFs",52,"Female","learning",0,"deck4",NA,NA,NA,NA,16,"magnitude",6,73,787.83500008285,"Yes","Somewhat.","I liked the decks with the progress bar.","Yes. There were definite patterns in most of the decks.","Yes, the decks that alternated colors were the most difficult for me,",3,7,9,1,2,6,3,3,0,0,0,3,0,2,0,4,4,0,3,4,4,0,1,3,0,0,0,2,0,0,0,2,0,0,2,0,0,0,0,2,0,0,0,0,1,0,3,0,0,1,0,762196
"257","wtnE5ZvR2SAyQFs",52,"Female","learning",0,"deck5",NA,NA,NA,NA,1,"parity",1,73,1169.60500006098,"Yes","Somewhat.","I liked the decks with the progress bar.","Yes. There were definite patterns in most of the decks.","Yes, the decks that alternated colors were the most difficult for me,",3,7,9,1,2,6,3,3,0,0,0,3,0,2,0,4,4,0,3,4,4,0,1,3,0,0,0,2,0,0,0,2,0,0,2,0,0,0,0,2,0,0,0,0,1,0,3,0,0,1,0,769771
"258","wtnE5ZvR2SAyQFs",52,"Female","learning",0,"deck5",NA,NA,NA,NA,2,"magnitude",7,73,851.645000046119,"Yes","Somewhat.","I liked the decks with the progress bar.","Yes. There were definite patterns in most of the decks.","Yes, the decks that alternated colors were the most difficult for me,",3,7,9,1,2,6,3,3,0,0,0,3,0,2,0,4,4,0,3,4,4,0,1,3,0,0,0,2,0,0,0,2,0,0,2,0,0,0,0,2,0,0,0,0,1,0,3,0,0,1,0,771124
"259","wtnE5ZvR2SAyQFs",52,"Female","learning",0,"deck5",NA,NA,NA,NA,3,"parity",8,69,839.459999930114,"Yes","Somewhat.","I liked the decks with the progress bar.","Yes. There were definite patterns in most of the decks.","Yes, the decks that alternated colors were the most difficult for me,",3,7,9,1,2,6,3,3,0,0,0,3,0,2,0,4,4,0,3,4,4,0,1,3,0,0,0,2,0,0,0,2,0,0,2,0,0,0,0,2,0,0,0,0,1,0,3,0,0,1,0,772466
"260","wtnE5ZvR2SAyQFs",52,"Female","learning",0,"deck5",NA,NA,NA,NA,4,"magnitude",7,73,682.230000034906,"Yes","Somewhat.","I liked the decks with the progress bar.","Yes. There were definite patterns in most of the decks.","Yes, the decks that alternated colors were the most difficult for me,",3,7,9,1,2,6,3,3,0,0,0,3,0,2,0,4,4,0,3,4,4,0,1,3,0,0,0,2,0,0,0,2,0,0,2,0,0,0,0,2,0,0,0,0,1,0,3,0,0,1,0,773650
"261","wtnE5ZvR2SAyQFs",52,"Female","learning",0,"deck5",NA,NA,NA,NA,5,"parity",6,69,1129.77999995928,"Yes","Somewhat.","I liked the decks with the progress bar.","Yes. There were definite patterns in most of the decks.","Yes, the decks that alternated colors were the most difficult for me,",3,7,9,1,2,6,3,3,0,0,0,3,0,2,0,4,4,0,3,4,4,0,1,3,0,0,0,2,0,0,0,2,0,0,2,0,0,0,0,2,0,0,0,0,1,0,3,0,0,1,0,775282
"262","wtnE5ZvR2SAyQFs",52,"Female","learning",0,"deck5",NA,NA,NA,NA,6,"magnitude",2,69,953.960000071675,"Yes","Somewhat.","I liked the decks with the progress bar.","Yes. There were definite patterns in most of the decks.","Yes, the decks that alternated colors were the most difficult for me,",3,7,9,1,2,6,3,3,0,0,0,3,0,2,0,4,4,0,3,4,4,0,1,3,0,0,0,2,0,0,0,2,0,0,2,0,0,0,0,2,0,0,0,0,1,0,3,0,0,1,0,776738
"263","wtnE5ZvR2SAyQFs",52,"Female","learning",0,"deck5",NA,NA,NA,NA,7,"magnitude",7,73,922.750000027008,"Yes","Somewhat.","I liked the decks with the progress bar.","Yes. There were definite patterns in most of the decks.","Yes, the decks that alternated colors were the most difficult for me,",3,7,9,1,2,6,3,3,0,0,0,3,0,2,0,4,4,0,3,4,4,0,1,3,0,0,0,2,0,0,0,2,0,0,2,0,0,0,0,2,0,0,0,0,1,0,3,0,0,1,0,778163
"264","wtnE5ZvR2SAyQFs",52,"Female","learning",0,"deck5",NA,NA,NA,NA,8,"magnitude",1,69,658.585000084713,"Yes","Somewhat.","I liked the decks with the progress bar.","Yes. There were definite patterns in most of the decks.","Yes, the decks that alternated colors were the most difficult for me,",3,7,9,1,2,6,3,3,0,0,0,3,0,2,0,4,4,0,3,4,4,0,1,3,0,0,0,2,0,0,0,2,0,0,2,0,0,0,0,2,0,0,0,0,1,0,3,0,0,1,0,779324
"265","wtnE5ZvR2SAyQFs",52,"Female","learning",0,"deck5",NA,NA,NA,NA,9,"magnitude",6,73,807.804999989457,"Yes","Somewhat.","I liked the decks with the progress bar.","Yes. There were definite patterns in most of the decks.","Yes, the decks that alternated colors were the most difficult for me,",3,7,9,1,2,6,3,3,0,0,0,3,0,2,0,4,4,0,3,4,4,0,1,3,0,0,0,2,0,0,0,2,0,0,2,0,0,0,0,2,0,0,0,0,1,0,3,0,0,1,0,780634
"266","wtnE5ZvR2SAyQFs",52,"Female","learning",0,"deck5",NA,NA,NA,NA,10,"magnitude",9,73,753.784999949858,"Yes","Somewhat.","I liked the decks with the progress bar.","Yes. There were definite patterns in most of the decks.","Yes, the decks that alternated colors were the most difficult for me,",3,7,9,1,2,6,3,3,0,0,0,3,0,2,0,4,4,0,3,4,4,0,1,3,0,0,0,2,0,0,0,2,0,0,2,0,0,0,0,2,0,0,0,0,1,0,3,0,0,1,0,781890
"267","wtnE5ZvR2SAyQFs",52,"Female","learning",0,"deck5",NA,NA,NA,NA,11,"magnitude",6,73,746.784999966621,"Yes","Somewhat.","I liked the decks with the progress bar.","Yes. There were definite patterns in most of the decks.","Yes, the decks that alternated colors were the most difficult for me,",3,7,9,1,2,6,3,3,0,0,0,3,0,2,0,4,4,0,3,4,4,0,1,3,0,0,0,2,0,0,0,2,0,0,2,0,0,0,0,2,0,0,0,0,1,0,3,0,0,1,0,783138
"268","wtnE5ZvR2SAyQFs",52,"Female","learning",0,"deck5",NA,NA,NA,NA,12,"parity",3,73,930.240000016056,"Yes","Somewhat.","I liked the decks with the progress bar.","Yes. There were definite patterns in most of the decks.","Yes, the decks that alternated colors were the most difficult for me,",3,7,9,1,2,6,3,3,0,0,0,3,0,2,0,4,4,0,3,4,4,0,1,3,0,0,0,2,0,0,0,2,0,0,2,0,0,0,0,2,0,0,0,0,1,0,3,0,0,1,0,784570
"269","wtnE5ZvR2SAyQFs",52,"Female","learning",0,"deck5",NA,NA,NA,NA,13,"magnitude",2,69,1218.46000000369,"Yes","Somewhat.","I liked the decks with the progress bar.","Yes. There were definite patterns in most of the decks.","Yes, the decks that alternated colors were the most difficult for me,",3,7,9,1,2,6,3,3,0,0,0,3,0,2,0,4,4,0,3,4,4,0,1,3,0,0,0,2,0,0,0,2,0,0,2,0,0,0,0,2,0,0,0,0,1,0,3,0,0,1,0,786290
"270","wtnE5ZvR2SAyQFs",52,"Female","learning",0,"deck5",NA,NA,NA,NA,14,"magnitude",8,73,649.83500004746,"Yes","Somewhat.","I liked the decks with the progress bar.","Yes. There were definite patterns in most of the decks.","Yes, the decks that alternated colors were the most difficult for me,",3,7,9,1,2,6,3,3,0,0,0,3,0,2,0,4,4,0,3,4,4,0,1,3,0,0,0,2,0,0,0,2,0,0,2,0,0,0,0,2,0,0,0,0,1,0,3,0,0,1,0,787442
"271","wtnE5ZvR2SAyQFs",52,"Female","learning",0,"deck5",NA,NA,NA,NA,15,"parity",1,73,939.894999959506,"Yes","Somewhat.","I liked the decks with the progress bar.","Yes. There were definite patterns in most of the decks.","Yes, the decks that alternated colors were the most difficult for me,",3,7,9,1,2,6,3,3,0,0,0,3,0,2,0,4,4,0,3,4,4,0,1,3,0,0,0,2,0,0,0,2,0,0,2,0,0,0,0,2,0,0,0,0,1,0,3,0,0,1,0,788884
"272","wtnE5ZvR2SAyQFs",52,"Female","learning",0,"deck5",NA,NA,NA,NA,16,"parity",2,69,951.4949999284,"Yes","Somewhat.","I liked the decks with the progress bar.","Yes. There were definite patterns in most of the decks.","Yes, the decks that alternated colors were the most difficult for me,",3,7,9,1,2,6,3,3,0,0,0,3,0,2,0,4,4,0,3,4,4,0,1,3,0,0,0,2,0,0,0,2,0,0,2,0,0,0,0,2,0,0,0,0,1,0,3,0,0,1,0,790338
"273","wtnE5ZvR2SAyQFs",52,"Female","learning",0,"deck6",NA,NA,NA,NA,1,"parity",7,73,2225.56000004988,"Yes","Somewhat.","I liked the decks with the progress bar.","Yes. There were definite patterns in most of the decks.","Yes, the decks that alternated colors were the most difficult for me,",3,7,9,1,2,6,3,3,0,0,0,3,0,2,0,4,4,0,3,4,4,0,1,3,0,0,0,2,0,0,0,2,0,0,2,0,0,0,0,2,0,0,0,0,1,0,3,0,0,1,0,797707
"274","wtnE5ZvR2SAyQFs",52,"Female","learning",0,"deck6",NA,NA,NA,NA,2,"magnitude",6,73,1073.99499998428,"Yes","Somewhat.","I liked the decks with the progress bar.","Yes. There were definite patterns in most of the decks.","Yes, the decks that alternated colors were the most difficult for me,",3,7,9,1,2,6,3,3,0,0,0,3,0,2,0,4,4,0,3,4,4,0,1,3,0,0,0,2,0,0,0,2,0,0,2,0,0,0,0,2,0,0,0,0,1,0,3,0,0,1,0,799282
"275","wtnE5ZvR2SAyQFs",52,"Female","learning",0,"deck6",NA,NA,NA,NA,3,"parity",9,73,954.124999931082,"Yes","Somewhat.","I liked the decks with the progress bar.","Yes. There were definite patterns in most of the decks.","Yes, the decks that alternated colors were the most difficult for me,",3,7,9,1,2,6,3,3,0,0,0,3,0,2,0,4,4,0,3,4,4,0,1,3,0,0,0,2,0,0,0,2,0,0,2,0,0,0,0,2,0,0,0,0,1,0,3,0,0,1,0,800738
"276","wtnE5ZvR2SAyQFs",52,"Female","learning",0,"deck6",NA,NA,NA,NA,4,"magnitude",4,69,769.910000031814,"Yes","Somewhat.","I liked the decks with the progress bar.","Yes. There were definite patterns in most of the decks.","Yes, the decks that alternated colors were the most difficult for me,",3,7,9,1,2,6,3,3,0,0,0,3,0,2,0,4,4,0,3,4,4,0,1,3,0,0,0,2,0,0,0,2,0,0,2,0,0,0,0,2,0,0,0,0,1,0,3,0,0,1,0,802010
"277","wtnE5ZvR2SAyQFs",52,"Female","learning",0,"deck6",NA,NA,NA,NA,5,"parity",4,69,858.83499996271,"Yes","Somewhat.","I liked the decks with the progress bar.","Yes. There were definite patterns in most of the decks.","Yes, the decks that alternated colors were the most difficult for me,",3,7,9,1,2,6,3,3,0,0,0,3,0,2,0,4,4,0,3,4,4,0,1,3,0,0,0,2,0,0,0,2,0,0,2,0,0,0,0,2,0,0,0,0,1,0,3,0,0,1,0,803370
"278","wtnE5ZvR2SAyQFs",52,"Female","learning",0,"deck6",NA,NA,NA,NA,6,"parity",7,73,641.700000036508,"Yes","Somewhat.","I liked the decks with the progress bar.","Yes. There were definite patterns in most of the decks.","Yes, the decks that alternated colors were the most difficult for me,",3,7,9,1,2,6,3,3,0,0,0,3,0,2,0,4,4,0,3,4,4,0,1,3,0,0,0,2,0,0,0,2,0,0,2,0,0,0,0,2,0,0,0,0,1,0,3,0,0,1,0,804514
"279","wtnE5ZvR2SAyQFs",52,"Female","learning",0,"deck6",NA,NA,NA,NA,7,"magnitude",4,69,1346.38999996241,"Yes","Somewhat.","I liked the decks with the progress bar.","Yes. There were definite patterns in most of the decks.","Yes, the decks that alternated colors were the most difficult for me,",3,7,9,1,2,6,3,3,0,0,0,3,0,2,0,4,4,0,3,4,4,0,1,3,0,0,0,2,0,0,0,2,0,0,2,0,0,0,0,2,0,0,0,0,1,0,3,0,0,1,0,806363
"280","wtnE5ZvR2SAyQFs",52,"Female","learning",0,"deck6",NA,NA,NA,NA,8,"parity",2,69,927.830000058748,"Yes","Somewhat.","I liked the decks with the progress bar.","Yes. There were definite patterns in most of the decks.","Yes, the decks that alternated colors were the most difficult for me,",3,7,9,1,2,6,3,3,0,0,0,3,0,2,0,4,4,0,3,4,4,0,1,3,0,0,0,2,0,0,0,2,0,0,2,0,0,0,0,2,0,0,0,0,1,0,3,0,0,1,0,807802
"281","wtnE5ZvR2SAyQFs",52,"Female","learning",0,"deck6",NA,NA,NA,NA,9,"magnitude",3,73,849.864999996498,"Yes","Somewhat.","I liked the decks with the progress bar.","Yes. There were definite patterns in most of the decks.","Yes, the decks that alternated colors were the most difficult for me,",3,7,9,1,2,6,3,3,0,0,0,3,0,2,0,4,4,0,3,4,4,0,1,3,0,0,0,2,0,0,0,2,0,0,2,0,0,0,0,2,0,0,0,0,1,0,3,0,0,1,0,809154
"282","wtnE5ZvR2SAyQFs",52,"Female","learning",0,"deck6",NA,NA,NA,NA,10,"parity",3,73,890.560000087135,"Yes","Somewhat.","I liked the decks with the progress bar.","Yes. There were definite patterns in most of the decks.","Yes, the decks that alternated colors were the most difficult for me,",3,7,9,1,2,6,3,3,0,0,0,3,0,2,0,4,4,0,3,4,4,0,1,3,0,0,0,2,0,0,0,2,0,0,2,0,0,0,0,2,0,0,0,0,1,0,3,0,0,1,0,810546
"283","wtnE5ZvR2SAyQFs",52,"Female","learning",0,"deck6",NA,NA,NA,NA,11,"magnitude",8,73,994.345000013709,"Yes","Somewhat.","I liked the decks with the progress bar.","Yes. There were definite patterns in most of the decks.","Yes, the decks that alternated colors were the most difficult for me,",3,7,9,1,2,6,3,3,0,0,0,3,0,2,0,4,4,0,3,4,4,0,1,3,0,0,0,2,0,0,0,2,0,0,2,0,0,0,0,2,0,0,0,0,1,0,3,0,0,1,0,812042
"284","wtnE5ZvR2SAyQFs",52,"Female","learning",0,"deck6",NA,NA,NA,NA,12,"parity",7,73,1054.26000000443,"Yes","Somewhat.","I liked the decks with the progress bar.","Yes. There were definite patterns in most of the decks.","Yes, the decks that alternated colors were the most difficult for me,",3,7,9,1,2,6,3,3,0,0,0,3,0,2,0,4,4,0,3,4,4,0,1,3,0,0,0,2,0,0,0,2,0,0,2,0,0,0,0,2,0,0,0,0,1,0,3,0,0,1,0,813602
"285","wtnE5ZvR2SAyQFs",52,"Female","learning",0,"deck6",NA,NA,NA,NA,13,"magnitude",6,69,1018.09999998659,"Yes","Somewhat.","I liked the decks with the progress bar.","Yes. There were definite patterns in most of the decks.","Yes, the decks that alternated colors were the most difficult for me,",3,7,9,1,2,6,3,3,0,0,0,3,0,2,0,4,4,0,3,4,4,0,1,3,0,0,0,2,0,0,0,2,0,0,2,0,0,0,0,2,0,0,0,0,1,0,3,0,0,1,0,815122
"286","wtnE5ZvR2SAyQFs",52,"Female","learning",0,"deck6",NA,NA,NA,NA,14,"parity",6,69,1050.28999992646,"Yes","Somewhat.","I liked the decks with the progress bar.","Yes. There were definite patterns in most of the decks.","Yes, the decks that alternated colors were the most difficult for me,",3,7,9,1,2,6,3,3,0,0,0,3,0,2,0,4,4,0,3,4,4,0,1,3,0,0,0,2,0,0,0,2,0,0,2,0,0,0,0,2,0,0,0,0,1,0,3,0,0,1,0,816674
"287","wtnE5ZvR2SAyQFs",52,"Female","learning",0,"deck6",NA,NA,NA,NA,15,"magnitude",3,69,890.369999920949,"Yes","Somewhat.","I liked the decks with the progress bar.","Yes. There were definite patterns in most of the decks.","Yes, the decks that alternated colors were the most difficult for me,",3,7,9,1,2,6,3,3,0,0,0,3,0,2,0,4,4,0,3,4,4,0,1,3,0,0,0,2,0,0,0,2,0,0,2,0,0,0,0,2,0,0,0,0,1,0,3,0,0,1,0,818066
"288","wtnE5ZvR2SAyQFs",52,"Female","learning",0,"deck6",NA,NA,NA,NA,16,"parity",3,73,962.484999909066,"Yes","Somewhat.","I liked the decks with the progress bar.","Yes. There were definite patterns in most of the decks.","Yes, the decks that alternated colors were the most difficult for me,",3,7,9,1,2,6,3,3,0,0,0,3,0,2,0,4,4,0,3,4,4,0,1,3,0,0,0,2,0,0,0,2,0,0,2,0,0,0,0,2,0,0,0,0,1,0,3,0,0,1,0,819530
"289","wtnE5ZvR2SAyQFs",52,"Female","1",1,"deck1","deck2","NP-NP",76,15481.7399999592,1,"magnitude",2,69,1408.89500000048,"Yes","Somewhat.","I liked the decks with the progress bar.","Yes. There were definite patterns in most of the decks.","Yes, the decks that alternated colors were the most difficult for me,",3,7,9,1,2,6,3,3,0,0,0,3,0,2,0,4,4,0,3,4,4,0,1,3,0,0,0,2,0,0,0,2,0,0,2,0,0,0,0,2,0,0,0,0,1,0,3,0,0,1,0,862474
"290","wtnE5ZvR2SAyQFs",52,"Female","1",1,"deck1","deck2","NP-NP",76,15481.7399999592,2,"parity",6,69,1082.24000001792,"Yes","Somewhat.","I liked the decks with the progress bar.","Yes. There were definite patterns in most of the decks.","Yes, the decks that alternated colors were the most difficult for me,",3,7,9,1,2,6,3,3,0,0,0,3,0,2,0,4,4,0,3,4,4,0,1,3,0,0,0,2,0,0,0,2,0,0,2,0,0,0,0,2,0,0,0,0,1,0,3,0,0,1,0,864058
"291","wtnE5ZvR2SAyQFs",52,"Female","1",1,"deck1","deck2","NP-NP",76,15481.7399999592,3,"parity",7,73,890.424999990501,"Yes","Somewhat.","I liked the decks with the progress bar.","Yes. There were definite patterns in most of the decks.","Yes, the decks that alternated colors were the most difficult for me,",3,7,9,1,2,6,3,3,0,0,0,3,0,2,0,4,4,0,3,4,4,0,1,3,0,0,0,2,0,0,0,2,0,0,2,0,0,0,0,2,0,0,0,0,1,0,3,0,0,1,0,865450
"292","wtnE5ZvR2SAyQFs",52,"Female","1",1,"deck1","deck2","NP-NP",76,15481.7399999592,4,"magnitude",4,69,642.54000002984,"Yes","Somewhat.","I liked the decks with the progress bar.","Yes. There were definite patterns in most of the decks.","Yes, the decks that alternated colors were the most difficult for me,",3,7,9,1,2,6,3,3,0,0,0,3,0,2,0,4,4,0,3,4,4,0,1,3,0,0,0,2,0,0,0,2,0,0,2,0,0,0,0,2,0,0,0,0,1,0,3,0,0,1,0,866594
"293","wtnE5ZvR2SAyQFs",52,"Female","1",1,"deck1","deck2","NP-NP",76,15481.7399999592,5,"magnitude",6,73,634.439999936149,"Yes","Somewhat.","I liked the decks with the progress bar.","Yes. There were definite patterns in most of the decks.","Yes, the decks that alternated colors were the most difficult for me,",3,7,9,1,2,6,3,3,0,0,0,3,0,2,0,4,4,0,3,4,4,0,1,3,0,0,0,2,0,0,0,2,0,0,2,0,0,0,0,2,0,0,0,0,1,0,3,0,0,1,0,867730
"294","wtnE5ZvR2SAyQFs",52,"Female","1",1,"deck1","deck2","NP-NP",76,15481.7399999592,6,"magnitude",7,73,682.405000086874,"Yes","Somewhat.","I liked the decks with the progress bar.","Yes. There were definite patterns in most of the decks.","Yes, the decks that alternated colors were the most difficult for me,",3,7,9,1,2,6,3,3,0,0,0,3,0,2,0,4,4,0,3,4,4,0,1,3,0,0,0,2,0,0,0,2,0,0,2,0,0,0,0,2,0,0,0,0,1,0,3,0,0,1,0,868914
"295","wtnE5ZvR2SAyQFs",52,"Female","1",1,"deck1","deck2","NP-NP",76,15481.7399999592,7,"magnitude",8,73,676.310000009835,"Yes","Somewhat.","I liked the decks with the progress bar.","Yes. There were definite patterns in most of the decks.","Yes, the decks that alternated colors were the most difficult for me,",3,7,9,1,2,6,3,3,0,0,0,3,0,2,0,4,4,0,3,4,4,0,1,3,0,0,0,2,0,0,0,2,0,0,2,0,0,0,0,2,0,0,0,0,1,0,3,0,0,1,0,870092
"296","wtnE5ZvR2SAyQFs",52,"Female","1",1,"deck1","deck2","NP-NP",76,15481.7399999592,8,"magnitude",4,69,672.959999996237,"Yes","Somewhat.","I liked the decks with the progress bar.","Yes. There were definite patterns in most of the decks.","Yes, the decks that alternated colors were the most difficult for me,",3,7,9,1,2,6,3,3,0,0,0,3,0,2,0,4,4,0,3,4,4,0,1,3,0,0,0,2,0,0,0,2,0,0,2,0,0,0,0,2,0,0,0,0,1,0,3,0,0,1,0,871266
"297","wtnE5ZvR2SAyQFs",52,"Female","1",1,"deck1","deck2","NP-NP",76,15481.7399999592,9,"magnitude",1,69,826.649999944493,"Yes","Somewhat.","I liked the decks with the progress bar.","Yes. There were definite patterns in most of the decks.","Yes, the decks that alternated colors were the most difficult for me,",3,7,9,1,2,6,3,3,0,0,0,3,0,2,0,4,4,0,3,4,4,0,1,3,0,0,0,2,0,0,0,2,0,0,2,0,0,0,0,2,0,0,0,0,1,0,3,0,0,1,0,872594
"298","wtnE5ZvR2SAyQFs",52,"Female","1",1,"deck1","deck2","NP-NP",76,15481.7399999592,10,"magnitude",7,73,914.504999993369,"Yes","Somewhat.","I liked the decks with the progress bar.","Yes. There were definite patterns in most of the decks.","Yes, the decks that alternated colors were the most difficult for me,",3,7,9,1,2,6,3,3,0,0,0,3,0,2,0,4,4,0,3,4,4,0,1,3,0,0,0,2,0,0,0,2,0,0,2,0,0,0,0,2,0,0,0,0,1,0,3,0,0,1,0,874010
"299","wtnE5ZvR2SAyQFs",52,"Female","1",1,"deck1","deck2","NP-NP",76,15481.7399999592,11,"magnitude",7,73,705.450000008568,"Yes","Somewhat.","I liked the decks with the progress bar.","Yes. There were definite patterns in most of the decks.","Yes, the decks that alternated colors were the most difficult for me,",3,7,9,1,2,6,3,3,0,0,0,3,0,2,0,4,4,0,3,4,4,0,1,3,0,0,0,2,0,0,0,2,0,0,2,0,0,0,0,2,0,0,0,0,1,0,3,0,0,1,0,875218
"300","wtnE5ZvR2SAyQFs",52,"Female","1",1,"deck1","deck2","NP-NP",76,15481.7399999592,12,"magnitude",6,69,786.184999975376,"Yes","Somewhat.","I liked the decks with the progress bar.","Yes. There were definite patterns in most of the decks.","Yes, the decks that alternated colors were the most difficult for me,",3,7,9,1,2,6,3,3,0,0,0,3,0,2,0,4,4,0,3,4,4,0,1,3,0,0,0,2,0,0,0,2,0,0,2,0,0,0,0,2,0,0,0,0,1,0,3,0,0,1,0,876506
"301","wtnE5ZvR2SAyQFs",52,"Female","1",1,"deck1","deck2","NP-NP",76,15481.7399999592,13,"magnitude",6,73,674.869999988005,"Yes","Somewhat.","I liked the decks with the progress bar.","Yes. There were definite patterns in most of the decks.","Yes, the decks that alternated colors were the most difficult for me,",3,7,9,1,2,6,3,3,0,0,0,3,0,2,0,4,4,0,3,4,4,0,1,3,0,0,0,2,0,0,0,2,0,0,2,0,0,0,0,2,0,0,0,0,1,0,3,0,0,1,0,877682
"302","wtnE5ZvR2SAyQFs",52,"Female","1",1,"deck1","deck2","NP-NP",76,15481.7399999592,14,"magnitude",7,73,771.545000025071,"Yes","Somewhat.","I liked the decks with the progress bar.","Yes. There were definite patterns in most of the decks.","Yes, the decks that alternated colors were the most difficult for me,",3,7,9,1,2,6,3,3,0,0,0,3,0,2,0,4,4,0,3,4,4,0,1,3,0,0,0,2,0,0,0,2,0,0,2,0,0,0,0,2,0,0,0,0,1,0,3,0,0,1,0,878955
"303","wtnE5ZvR2SAyQFs",52,"Female","1",1,"deck1","deck2","NP-NP",76,15481.7399999592,15,"magnitude",4,69,705.180000048131,"Yes","Somewhat.","I liked the decks with the progress bar.","Yes. There were definite patterns in most of the decks.","Yes, the decks that alternated colors were the most difficult for me,",3,7,9,1,2,6,3,3,0,0,0,3,0,2,0,4,4,0,3,4,4,0,1,3,0,0,0,2,0,0,0,2,0,0,2,0,0,0,0,2,0,0,0,0,1,0,3,0,0,1,0,880162
"304","wtnE5ZvR2SAyQFs",52,"Female","1",1,"deck1","deck2","NP-NP",76,15481.7399999592,16,"magnitude",3,69,826.604999951087,"Yes","Somewhat.","I liked the decks with the progress bar.","Yes. There were definite patterns in most of the decks.","Yes, the decks that alternated colors were the most difficult for me,",3,7,9,1,2,6,3,3,0,0,0,3,0,2,0,4,4,0,3,4,4,0,1,3,0,0,0,2,0,0,0,2,0,0,2,0,0,0,0,2,0,0,0,0,1,0,3,0,0,1,0,881490
"305","wtnE5ZvR2SAyQFs",52,"Female","1",2,"deck6","deck2","P-NP",76,10209.6049999818,1,"parity",4,69,1115.72500003967,"Yes","Somewhat.","I liked the decks with the progress bar.","Yes. There were definite patterns in most of the decks.","Yes, the decks that alternated colors were the most difficult for me,",3,7,9,1,2,6,3,3,0,0,0,3,0,2,0,4,4,0,3,4,4,0,1,3,0,0,0,2,0,0,0,2,0,0,2,0,0,0,0,2,0,0,0,0,1,0,3,0,0,1,0,894322
"306","wtnE5ZvR2SAyQFs",52,"Female","1",2,"deck6","deck2","P-NP",76,10209.6049999818,2,"magnitude",8,73,866.315000108443,"Yes","Somewhat.","I liked the decks with the progress bar.","Yes. There were definite patterns in most of the decks.","Yes, the decks that alternated colors were the most difficult for me,",3,7,9,1,2,6,3,3,0,0,0,3,0,2,0,4,4,0,3,4,4,0,1,3,0,0,0,2,0,0,0,2,0,0,2,0,0,0,0,2,0,0,0,0,1,0,3,0,0,1,0,895690
"307","wtnE5ZvR2SAyQFs",52,"Female","1",2,"deck6","deck2","P-NP",76,10209.6049999818,3,"parity",1,73,1059.26000000909,"Yes","Somewhat.","I liked the decks with the progress bar.","Yes. There were definite patterns in most of the decks.","Yes, the decks that alternated colors were the most difficult for me,",3,7,9,1,2,6,3,3,0,0,0,3,0,2,0,4,4,0,3,4,4,0,1,3,0,0,0,2,0,0,0,2,0,0,2,0,0,0,0,2,0,0,0,0,1,0,3,0,0,1,0,897251
"308","wtnE5ZvR2SAyQFs",52,"Female","1",2,"deck6","deck2","P-NP",76,10209.6049999818,4,"magnitude",3,69,872.425000066869,"Yes","Somewhat.","I liked the decks with the progress bar.","Yes. There were definite patterns in most of the decks.","Yes, the decks that alternated colors were the most difficult for me,",3,7,9,1,2,6,3,3,0,0,0,3,0,2,0,4,4,0,3,4,4,0,1,3,0,0,0,2,0,0,0,2,0,0,2,0,0,0,0,2,0,0,0,0,1,0,3,0,0,1,0,898625
"309","wtnE5ZvR2SAyQFs",52,"Female","1",2,"deck6","deck2","P-NP",76,10209.6049999818,5,"parity",4,69,818.455000058748,"Yes","Somewhat.","I liked the decks with the progress bar.","Yes. There were definite patterns in most of the decks.","Yes, the decks that alternated colors were the most difficult for me,",3,7,9,1,2,6,3,3,0,0,0,3,0,2,0,4,4,0,3,4,4,0,1,3,0,0,0,2,0,0,0,2,0,0,2,0,0,0,0,2,0,0,0,0,1,0,3,0,0,1,0,899945
"310","wtnE5ZvR2SAyQFs",52,"Female","1",2,"deck6","deck2","P-NP",76,10209.6049999818,6,"magnitude",7,73,794.340000022203,"Yes","Somewhat.","I liked the decks with the progress bar.","Yes. There were definite patterns in most of the decks.","Yes, the decks that alternated colors were the most difficult for me,",3,7,9,1,2,6,3,3,0,0,0,3,0,2,0,4,4,0,3,4,4,0,1,3,0,0,0,2,0,0,0,2,0,0,2,0,0,0,0,2,0,0,0,0,1,0,3,0,0,1,0,901242
"311","wtnE5ZvR2SAyQFs",52,"Female","1",2,"deck6","deck2","P-NP",76,10209.6049999818,7,"magnitude",4,69,1186.20500003453,"Yes","Somewhat.","I liked the decks with the progress bar.","Yes. There were definite patterns in most of the decks.","Yes, the decks that alternated colors were the most difficult for me,",3,7,9,1,2,6,3,3,0,0,0,3,0,2,0,4,4,0,3,4,4,0,1,3,0,0,0,2,0,0,0,2,0,0,2,0,0,0,0,2,0,0,0,0,1,0,3,0,0,1,0,902930
"312","wtnE5ZvR2SAyQFs",52,"Female","1",2,"deck6","deck2","P-NP",76,10209.6049999818,8,"parity",3,73,905.860000057146,"Yes","Somewhat.","I liked the decks with the progress bar.","Yes. There were definite patterns in most of the decks.","Yes, the decks that alternated colors were the most difficult for me,",3,7,9,1,2,6,3,3,0,0,0,3,0,2,0,4,4,0,3,4,4,0,1,3,0,0,0,2,0,0,0,2,0,0,2,0,0,0,0,2,0,0,0,0,1,0,3,0,0,1,0,904337
"313","wtnE5ZvR2SAyQFs",52,"Female","1",2,"deck6","deck2","P-NP",76,10209.6049999818,9,"magnitude",6,73,1283.05500000715,"Yes","Somewhat.","I liked the decks with the progress bar.","Yes. There were definite patterns in most of the decks.","Yes, the decks that alternated colors were the most difficult for me,",3,7,9,1,2,6,3,3,0,0,0,3,0,2,0,4,4,0,3,4,4,0,1,3,0,0,0,2,0,0,0,2,0,0,2,0,0,0,0,2,0,0,0,0,1,0,3,0,0,1,0,906121
"314","wtnE5ZvR2SAyQFs",52,"Female","1",2,"deck6","deck2","P-NP",76,10209.6049999818,10,"parity",3,73,802.214999916032,"Yes","Somewhat.","I liked the decks with the progress bar.","Yes. There were definite patterns in most of the decks.","Yes, the decks that alternated colors were the most difficult for me,",3,7,9,1,2,6,3,3,0,0,0,3,0,2,0,4,4,0,3,4,4,0,1,3,0,0,0,2,0,0,0,2,0,0,2,0,0,0,0,2,0,0,0,0,1,0,3,0,0,1,0,907425
"315","wtnE5ZvR2SAyQFs",52,"Female","1",2,"deck6","deck2","P-NP",76,10209.6049999818,11,"magnitude",4,69,994.610000052489,"Yes","Somewhat.","I liked the decks with the progress bar.","Yes. There were definite patterns in most of the decks.","Yes, the decks that alternated colors were the most difficult for me,",3,7,9,1,2,6,3,3,0,0,0,3,0,2,0,4,4,0,3,4,4,0,1,3,0,0,0,2,0,0,0,2,0,0,2,0,0,0,0,2,0,0,0,0,1,0,3,0,0,1,0,908921
"316","wtnE5ZvR2SAyQFs",52,"Female","1",2,"deck6","deck2","P-NP",76,10209.6049999818,12,"parity",2,69,850.450000027195,"Yes","Somewhat.","I liked the decks with the progress bar.","Yes. There were definite patterns in most of the decks.","Yes, the decks that alternated colors were the most difficult for me,",3,7,9,1,2,6,3,3,0,0,0,3,0,2,0,4,4,0,3,4,4,0,1,3,0,0,0,2,0,0,0,2,0,0,2,0,0,0,0,2,0,0,0,0,1,0,3,0,0,1,0,910273
"317","wtnE5ZvR2SAyQFs",52,"Female","1",2,"deck6","deck2","P-NP",76,10209.6049999818,13,"magnitude",1,69,866.250000079162,"Yes","Somewhat.","I liked the decks with the progress bar.","Yes. There were definite patterns in most of the decks.","Yes, the decks that alternated colors were the most difficult for me,",3,7,9,1,2,6,3,3,0,0,0,3,0,2,0,4,4,0,3,4,4,0,1,3,0,0,0,2,0,0,0,2,0,0,2,0,0,0,0,2,0,0,0,0,1,0,3,0,0,1,0,911641
"318","wtnE5ZvR2SAyQFs",52,"Female","1",2,"deck6","deck2","P-NP",76,10209.6049999818,14,"parity",7,73,681.920000002719,"Yes","Somewhat.","I liked the decks with the progress bar.","Yes. There were definite patterns in most of the decks.","Yes, the decks that alternated colors were the most difficult for me,",3,7,9,1,2,6,3,3,0,0,0,3,0,2,0,4,4,0,3,4,4,0,1,3,0,0,0,2,0,0,0,2,0,0,2,0,0,0,0,2,0,0,0,0,1,0,3,0,0,1,0,912825
"319","wtnE5ZvR2SAyQFs",52,"Female","1",2,"deck6","deck2","P-NP",76,10209.6049999818,15,"magnitude",4,69,1051.04499997105,"Yes","Somewhat.","I liked the decks with the progress bar.","Yes. There were definite patterns in most of the decks.","Yes, the decks that alternated colors were the most difficult for me,",3,7,9,1,2,6,3,3,0,0,0,3,0,2,0,4,4,0,3,4,4,0,1,3,0,0,0,2,0,0,0,2,0,0,2,0,0,0,0,2,0,0,0,0,1,0,3,0,0,1,0,914377
"320","wtnE5ZvR2SAyQFs",52,"Female","1",2,"deck6","deck2","P-NP",76,10209.6049999818,16,"parity",9,73,793.884999933653,"Yes","Somewhat.","I liked the decks with the progress bar.","Yes. There were definite patterns in most of the decks.","Yes, the decks that alternated colors were the most difficult for me,",3,7,9,1,2,6,3,3,0,0,0,3,0,2,0,4,4,0,3,4,4,0,1,3,0,0,0,2,0,0,0,2,0,0,2,0,0,0,0,2,0,0,0,0,1,0,3,0,0,1,0,915673
"321","wtnE5ZvR2SAyQFs",52,"Female","1",3,"deck1","deck3","NP-NP",76,5353.75499993097,1,"parity",9,73,1035.3499999037,"Yes","Somewhat.","I liked the decks with the progress bar.","Yes. There were definite patterns in most of the decks.","Yes, the decks that alternated colors were the most difficult for me,",3,7,9,1,2,6,3,3,0,0,0,3,0,2,0,4,4,0,3,4,4,0,1,3,0,0,0,2,0,0,0,2,0,0,2,0,0,0,0,2,0,0,0,0,1,0,3,0,0,1,0,923571
"322","wtnE5ZvR2SAyQFs",52,"Female","1",3,"deck1","deck3","NP-NP",76,5353.75499993097,2,"magnitude",6,73,1072.67999998294,"Yes","Somewhat.","I liked the decks with the progress bar.","Yes. There were definite patterns in most of the decks.","Yes, the decks that alternated colors were the most difficult for me,",3,7,9,1,2,6,3,3,0,0,0,3,0,2,0,4,4,0,3,4,4,0,1,3,0,0,0,2,0,0,0,2,0,0,2,0,0,0,0,2,0,0,0,0,1,0,3,0,0,1,0,925145
"323","wtnE5ZvR2SAyQFs",52,"Female","1",3,"deck1","deck3","NP-NP",76,5353.75499993097,3,"magnitude",4,69,1073.71000002604,"Yes","Somewhat.","I liked the decks with the progress bar.","Yes. There were definite patterns in most of the decks.","Yes, the decks that alternated colors were the most difficult for me,",3,7,9,1,2,6,3,3,0,0,0,3,0,2,0,4,4,0,3,4,4,0,1,3,0,0,0,2,0,0,0,2,0,0,2,0,0,0,0,2,0,0,0,0,1,0,3,0,0,1,0,926721
"324","wtnE5ZvR2SAyQFs",52,"Female","1",3,"deck1","deck3","NP-NP",76,5353.75499993097,4,"magnitude",3,69,674.694999936037,"Yes","Somewhat.","I liked the decks with the progress bar.","Yes. There were definite patterns in most of the decks.","Yes, the decks that alternated colors were the most difficult for me,",3,7,9,1,2,6,3,3,0,0,0,3,0,2,0,4,4,0,3,4,4,0,1,3,0,0,0,2,0,0,0,2,0,0,2,0,0,0,0,2,0,0,0,0,1,0,3,0,0,1,0,927897
"325","wtnE5ZvR2SAyQFs",52,"Female","1",3,"deck1","deck3","NP-NP",76,5353.75499993097,5,"magnitude",8,73,586.914999992587,"Yes","Somewhat.","I liked the decks with the progress bar.","Yes. There were definite patterns in most of the decks.","Yes, the decks that alternated colors were the most difficult for me,",3,7,9,1,2,6,3,3,0,0,0,3,0,2,0,4,4,0,3,4,4,0,1,3,0,0,0,2,0,0,0,2,0,0,2,0,0,0,0,2,0,0,0,0,1,0,3,0,0,1,0,928985
"326","wtnE5ZvR2SAyQFs",52,"Female","1",3,"deck1","deck3","NP-NP",76,5353.75499993097,6,"parity",1,73,1346.20500006713,"Yes","Somewhat.","I liked the decks with the progress bar.","Yes. There were definite patterns in most of the decks.","Yes, the decks that alternated colors were the most difficult for me,",3,7,9,1,2,6,3,3,0,0,0,3,0,2,0,4,4,0,3,4,4,0,1,3,0,0,0,2,0,0,0,2,0,0,2,0,0,0,0,2,0,0,0,0,1,0,3,0,0,1,0,930833
"327","wtnE5ZvR2SAyQFs",52,"Female","1",3,"deck1","deck3","NP-NP",76,5353.75499993097,7,"parity",1,73,714.420000091195,"Yes","Somewhat.","I liked the decks with the progress bar.","Yes. There were definite patterns in most of the decks.","Yes, the decks that alternated colors were the most difficult for me,",3,7,9,1,2,6,3,3,0,0,0,3,0,2,0,4,4,0,3,4,4,0,1,3,0,0,0,2,0,0,0,2,0,0,2,0,0,0,0,2,0,0,0,0,1,0,3,0,0,1,0,932049
"328","wtnE5ZvR2SAyQFs",52,"Female","1",3,"deck1","deck3","NP-NP",76,5353.75499993097,8,"parity",3,73,1186.03500002064,"Yes","Somewhat.","I liked the decks with the progress bar.","Yes. There were definite patterns in most of the decks.","Yes, the decks that alternated colors were the most difficult for me,",3,7,9,1,2,6,3,3,0,0,0,3,0,2,0,4,4,0,3,4,4,0,1,3,0,0,0,2,0,0,0,2,0,0,2,0,0,0,0,2,0,0,0,0,1,0,3,0,0,1,0,933737
"329","wtnE5ZvR2SAyQFs",52,"Female","1",3,"deck1","deck3","NP-NP",76,5353.75499993097,9,"parity",4,69,658.605000004172,"Yes","Somewhat.","I liked the decks with the progress bar.","Yes. There were definite patterns in most of the decks.","Yes, the decks that alternated colors were the most difficult for me,",3,7,9,1,2,6,3,3,0,0,0,3,0,2,0,4,4,0,3,4,4,0,1,3,0,0,0,2,0,0,0,2,0,0,2,0,0,0,0,2,0,0,0,0,1,0,3,0,0,1,0,934897
"330","wtnE5ZvR2SAyQFs",52,"Female","1",3,"deck1","deck3","NP-NP",76,5353.75499993097,10,"parity",7,73,842.38499996718,"Yes","Somewhat.","I liked the decks with the progress bar.","Yes. There were definite patterns in most of the decks.","Yes, the decks that alternated colors were the most difficult for me,",3,7,9,1,2,6,3,3,0,0,0,3,0,2,0,4,4,0,3,4,4,0,1,3,0,0,0,2,0,0,0,2,0,0,2,0,0,0,0,2,0,0,0,0,1,0,3,0,0,1,0,936241
"331","wtnE5ZvR2SAyQFs",52,"Female","1",3,"deck1","deck3","NP-NP",76,5353.75499993097,11,"parity",1,73,793.715000036173,"Yes","Somewhat.","I liked the decks with the progress bar.","Yes. There were definite patterns in most of the decks.","Yes, the decks that alternated colors were the most difficult for me,",3,7,9,1,2,6,3,3,0,0,0,3,0,2,0,4,4,0,3,4,4,0,1,3,0,0,0,2,0,0,0,2,0,0,2,0,0,0,0,2,0,0,0,0,1,0,3,0,0,1,0,937537
"332","wtnE5ZvR2SAyQFs",52,"Female","1",3,"deck1","deck3","NP-NP",76,5353.75499993097,12,"parity",2,69,722.81499998644,"Yes","Somewhat.","I liked the decks with the progress bar.","Yes. There were definite patterns in most of the decks.","Yes, the decks that alternated colors were the most difficult for me,",3,7,9,1,2,6,3,3,0,0,0,3,0,2,0,4,4,0,3,4,4,0,1,3,0,0,0,2,0,0,0,2,0,0,2,0,0,0,0,2,0,0,0,0,1,0,3,0,0,1,0,938761
"333","wtnE5ZvR2SAyQFs",52,"Female","1",3,"deck1","deck3","NP-NP",76,5353.75499993097,13,"parity",3,73,1626.18499994278,"Yes","Somewhat.","I liked the decks with the progress bar.","Yes. There were definite patterns in most of the decks.","Yes, the decks that alternated colors were the most difficult for me,",3,7,9,1,2,6,3,3,0,0,0,3,0,2,0,4,4,0,3,4,4,0,1,3,0,0,0,2,0,0,0,2,0,0,2,0,0,0,0,2,0,0,0,0,1,0,3,0,0,1,0,940889
"334","wtnE5ZvR2SAyQFs",52,"Female","1",3,"deck1","deck3","NP-NP",76,5353.75499993097,14,"parity",2,69,768.550000037067,"Yes","Somewhat.","I liked the decks with the progress bar.","Yes. There were definite patterns in most of the decks.","Yes, the decks that alternated colors were the most difficult for me,",3,7,9,1,2,6,3,3,0,0,0,3,0,2,0,4,4,0,3,4,4,0,1,3,0,0,0,2,0,0,0,2,0,0,2,0,0,0,0,2,0,0,0,0,1,0,3,0,0,1,0,942162
"335","wtnE5ZvR2SAyQFs",52,"Female","1",3,"deck1","deck3","NP-NP",76,5353.75499993097,15,"parity",7,73,1001.10500003211,"Yes","Somewhat.","I liked the decks with the progress bar.","Yes. There were definite patterns in most of the decks.","Yes, the decks that alternated colors were the most difficult for me,",3,7,9,1,2,6,3,3,0,0,0,3,0,2,0,4,4,0,3,4,4,0,1,3,0,0,0,2,0,0,0,2,0,0,2,0,0,0,0,2,0,0,0,0,1,0,3,0,0,1,0,943665
"336","wtnE5ZvR2SAyQFs",52,"Female","1",3,"deck1","deck3","NP-NP",76,5353.75499993097,16,"parity",2,69,673.895000014454,"Yes","Somewhat.","I liked the decks with the progress bar.","Yes. There were definite patterns in most of the decks.","Yes, the decks that alternated colors were the most difficult for me,",3,7,9,1,2,6,3,3,0,0,0,3,0,2,0,4,4,0,3,4,4,0,1,3,0,0,0,2,0,0,0,2,0,0,2,0,0,0,0,2,0,0,0,0,1,0,3,0,0,1,0,944841
"337","wtnE5ZvR2SAyQFs",52,"Female","1",4,"deck6","deck5","P-P",82,2954.16000008117,1,"parity",3,73,1972.57999994326,"Yes","Somewhat.","I liked the decks with the progress bar.","Yes. There were definite patterns in most of the decks.","Yes, the decks that alternated colors were the most difficult for me,",3,7,9,1,2,6,3,3,0,0,0,3,0,2,0,4,4,0,3,4,4,0,1,3,0,0,0,2,0,0,0,2,0,0,2,0,0,0,0,2,0,0,0,0,1,0,3,0,0,1,0,951274
"338","wtnE5ZvR2SAyQFs",52,"Female","1",4,"deck6","deck5","P-P",82,2954.16000008117,2,"parity",2,69,823.389999917708,"Yes","Somewhat.","I liked the decks with the progress bar.","Yes. There were definite patterns in most of the decks.","Yes, the decks that alternated colors were the most difficult for me,",3,7,9,1,2,6,3,3,0,0,0,3,0,2,0,4,4,0,3,4,4,0,1,3,0,0,0,2,0,0,0,2,0,0,2,0,0,0,0,2,0,0,0,0,1,0,3,0,0,1,0,952601
"339","wtnE5ZvR2SAyQFs",52,"Female","1",4,"deck6","deck5","P-P",82,2954.16000008117,3,"magnitude",4,69,994.199999957345,"Yes","Somewhat.","I liked the decks with the progress bar.","Yes. There were definite patterns in most of the decks.","Yes, the decks that alternated colors were the most difficult for me,",3,7,9,1,2,6,3,3,0,0,0,3,0,2,0,4,4,0,3,4,4,0,1,3,0,0,0,2,0,0,0,2,0,0,2,0,0,0,0,2,0,0,0,0,1,0,3,0,0,1,0,954097
"340","wtnE5ZvR2SAyQFs",52,"Female","1",4,"deck6","deck5","P-P",82,2954.16000008117,4,"parity",8,73,842.074999934994,"Yes","Somewhat.","I liked the decks with the progress bar.","Yes. There were definite patterns in most of the decks.","Yes, the decks that alternated colors were the most difficult for me,",3,7,9,1,2,6,3,3,0,0,0,3,0,2,0,4,4,0,3,4,4,0,1,3,0,0,0,2,0,0,0,2,0,0,2,0,0,0,0,2,0,0,0,0,1,0,3,0,0,1,0,955441
"341","wtnE5ZvR2SAyQFs",52,"Female","1",4,"deck6","deck5","P-P",82,2954.16000008117,5,"parity",3,73,1906.31500002928,"Yes","Somewhat.","I liked the decks with the progress bar.","Yes. There were definite patterns in most of the decks.","Yes, the decks that alternated colors were the most difficult for me,",3,7,9,1,2,6,3,3,0,0,0,3,0,2,0,4,4,0,3,4,4,0,1,3,0,0,0,2,0,0,0,2,0,0,2,0,0,0,0,2,0,0,0,0,1,0,3,0,0,1,0,957849
"342","wtnE5ZvR2SAyQFs",52,"Female","1",4,"deck6","deck5","P-P",82,2954.16000008117,6,"magnitude",7,73,850.809999974445,"Yes","Somewhat.","I liked the decks with the progress bar.","Yes. There were definite patterns in most of the decks.","Yes, the decks that alternated colors were the most difficult for me,",3,7,9,1,2,6,3,3,0,0,0,3,0,2,0,4,4,0,3,4,4,0,1,3,0,0,0,2,0,0,0,2,0,0,2,0,0,0,0,2,0,0,0,0,1,0,3,0,0,1,0,959201
"343","wtnE5ZvR2SAyQFs",52,"Female","1",4,"deck6","deck5","P-P",82,2954.16000008117,7,"parity",1,73,1161.86499991454,"Yes","Somewhat.","I liked the decks with the progress bar.","Yes. There were definite patterns in most of the decks.","Yes, the decks that alternated colors were the most difficult for me,",3,7,9,1,2,6,3,3,0,0,0,3,0,2,0,4,4,0,3,4,4,0,1,3,0,0,0,2,0,0,0,2,0,0,2,0,0,0,0,2,0,0,0,0,1,0,3,0,0,1,0,960864
"344","wtnE5ZvR2SAyQFs",52,"Female","1",4,"deck6","deck5","P-P",82,2954.16000008117,8,"parity",2,69,706.394999986514,"Yes","Somewhat.","I liked the decks with the progress bar.","Yes. There were definite patterns in most of the decks.","Yes, the decks that alternated colors were the most difficult for me,",3,7,9,1,2,6,3,3,0,0,0,3,0,2,0,4,4,0,3,4,4,0,1,3,0,0,0,2,0,0,0,2,0,0,2,0,0,0,0,2,0,0,0,0,1,0,3,0,0,1,0,962073
"345","wtnE5ZvR2SAyQFs",52,"Female","1",4,"deck6","deck5","P-P",82,2954.16000008117,9,"magnitude",3,69,802.659999928437,"Yes","Somewhat.","I liked the decks with the progress bar.","Yes. There were definite patterns in most of the decks.","Yes, the decks that alternated colors were the most difficult for me,",3,7,9,1,2,6,3,3,0,0,0,3,0,2,0,4,4,0,3,4,4,0,1,3,0,0,0,2,0,0,0,2,0,0,2,0,0,0,0,2,0,0,0,0,1,0,3,0,0,1,0,963376
"346","wtnE5ZvR2SAyQFs",52,"Female","1",4,"deck6","deck5","P-P",82,2954.16000008117,10,"magnitude",9,73,586.469999980181,"Yes","Somewhat.","I liked the decks with the progress bar.","Yes. There were definite patterns in most of the decks.","Yes, the decks that alternated colors were the most difficult for me,",3,7,9,1,2,6,3,3,0,0,0,3,0,2,0,4,4,0,3,4,4,0,1,3,0,0,0,2,0,0,0,2,0,0,2,0,0,0,0,2,0,0,0,0,1,0,3,0,0,1,0,964464
"347","wtnE5ZvR2SAyQFs",52,"Female","1",4,"deck6","deck5","P-P",82,2954.16000008117,11,"parity",8,69,810.185000067577,"Yes","Somewhat.","I liked the decks with the progress bar.","Yes. There were definite patterns in most of the decks.","Yes, the decks that alternated colors were the most difficult for me,",3,7,9,1,2,6,3,3,0,0,0,3,0,2,0,4,4,0,3,4,4,0,1,3,0,0,0,2,0,0,0,2,0,0,2,0,0,0,0,2,0,0,0,0,1,0,3,0,0,1,0,965777
"348","wtnE5ZvR2SAyQFs",52,"Female","1",4,"deck6","deck5","P-P",82,2954.16000008117,12,"magnitude",4,69,873.895000084303,"Yes","Somewhat.","I liked the decks with the progress bar.","Yes. There were definite patterns in most of the decks.","Yes, the decks that alternated colors were the most difficult for me,",3,7,9,1,2,6,3,3,0,0,0,3,0,2,0,4,4,0,3,4,4,0,1,3,0,0,0,2,0,0,0,2,0,0,2,0,0,0,0,2,0,0,0,0,1,0,3,0,0,1,0,967153
"349","wtnE5ZvR2SAyQFs",52,"Female","1",4,"deck6","deck5","P-P",82,2954.16000008117,13,"magnitude",7,73,738.810000009835,"Yes","Somewhat.","I liked the decks with the progress bar.","Yes. There were definite patterns in most of the decks.","Yes, the decks that alternated colors were the most difficult for me,",3,7,9,1,2,6,3,3,0,0,0,3,0,2,0,4,4,0,3,4,4,0,1,3,0,0,0,2,0,0,0,2,0,0,2,0,0,0,0,2,0,0,0,0,1,0,3,0,0,1,0,968393
"350","wtnE5ZvR2SAyQFs",52,"Female","1",4,"deck6","deck5","P-P",82,2954.16000008117,14,"magnitude",2,69,1018.37500010151,"Yes","Somewhat.","I liked the decks with the progress bar.","Yes. There were definite patterns in most of the decks.","Yes, the decks that alternated colors were the most difficult for me,",3,7,9,1,2,6,3,3,0,0,0,3,0,2,0,4,4,0,3,4,4,0,1,3,0,0,0,2,0,0,0,2,0,0,2,0,0,0,0,2,0,0,0,0,1,0,3,0,0,1,0,969913
"351","wtnE5ZvR2SAyQFs",52,"Female","1",4,"deck6","deck5","P-P",82,2954.16000008117,15,"parity",8,69,978.175000054762,"Yes","Somewhat.","I liked the decks with the progress bar.","Yes. There were definite patterns in most of the decks.","Yes, the decks that alternated colors were the most difficult for me,",3,7,9,1,2,6,3,3,0,0,0,3,0,2,0,4,4,0,3,4,4,0,1,3,0,0,0,2,0,0,0,2,0,0,2,0,0,0,0,2,0,0,0,0,1,0,3,0,0,1,0,971393
"352","wtnE5ZvR2SAyQFs",52,"Female","1",4,"deck6","deck5","P-P",82,2954.16000008117,16,"parity",9,73,889.859999995679,"Yes","Somewhat.","I liked the decks with the progress bar.","Yes. There were definite patterns in most of the decks.","Yes, the decks that alternated colors were the most difficult for me,",3,7,9,1,2,6,3,3,0,0,0,3,0,2,0,4,4,0,3,4,4,0,1,3,0,0,0,2,0,0,0,2,0,0,2,0,0,0,0,2,0,0,0,0,1,0,3,0,0,1,0,972785
"353","wtnE5ZvR2SAyQFs",52,"Female","1",5,"deck6","deck5","P-P",76,6978.0150000006,1,"magnitude",1,69,1883.86500009801,"Yes","Somewhat.","I liked the decks with the progress bar.","Yes. There were definite patterns in most of the decks.","Yes, the decks that alternated colors were the most difficult for me,",3,7,9,1,2,6,3,3,0,0,0,3,0,2,0,4,4,0,3,4,4,0,1,3,0,0,0,2,0,0,0,2,0,0,2,0,0,0,0,2,0,0,0,0,1,0,3,0,0,1,0,983153
"354","wtnE5ZvR2SAyQFs",52,"Female","1",5,"deck6","deck5","P-P",76,6978.0150000006,2,"parity",4,69,1058.82999999449,"Yes","Somewhat.","I liked the decks with the progress bar.","Yes. There were definite patterns in most of the decks.","Yes, the decks that alternated colors were the most difficult for me,",3,7,9,1,2,6,3,3,0,0,0,3,0,2,0,4,4,0,3,4,4,0,1,3,0,0,0,2,0,0,0,2,0,0,2,0,0,0,0,2,0,0,0,0,1,0,3,0,0,1,0,984713
"355","wtnE5ZvR2SAyQFs",52,"Female","1",5,"deck6","deck5","P-P",76,6978.0150000006,3,"magnitude",3,69,826.585000031628,"Yes","Somewhat.","I liked the decks with the progress bar.","Yes. There were definite patterns in most of the decks.","Yes, the decks that alternated colors were the most difficult for me,",3,7,9,1,2,6,3,3,0,0,0,3,0,2,0,4,4,0,3,4,4,0,1,3,0,0,0,2,0,0,0,2,0,0,2,0,0,0,0,2,0,0,0,0,1,0,3,0,0,1,0,986041
"356","wtnE5ZvR2SAyQFs",52,"Female","1",5,"deck6","deck5","P-P",76,6978.0150000006,4,"magnitude",1,69,802.47499991674,"Yes","Somewhat.","I liked the decks with the progress bar.","Yes. There were definite patterns in most of the decks.","Yes, the decks that alternated colors were the most difficult for me,",3,7,9,1,2,6,3,3,0,0,0,3,0,2,0,4,4,0,3,4,4,0,1,3,0,0,0,2,0,0,0,2,0,0,2,0,0,0,0,2,0,0,0,0,1,0,3,0,0,1,0,987346
"357","wtnE5ZvR2SAyQFs",52,"Female","1",5,"deck6","deck5","P-P",76,6978.0150000006,5,"parity",7,73,633.609999902546,"Yes","Somewhat.","I liked the decks with the progress bar.","Yes. There were definite patterns in most of the decks.","Yes, the decks that alternated colors were the most difficult for me,",3,7,9,1,2,6,3,3,0,0,0,3,0,2,0,4,4,0,3,4,4,0,1,3,0,0,0,2,0,0,0,2,0,0,2,0,0,0,0,2,0,0,0,0,1,0,3,0,0,1,0,988481
"358","wtnE5ZvR2SAyQFs",52,"Female","1",5,"deck6","deck5","P-P",76,6978.0150000006,6,"magnitude",6,73,1025.93999996316,"Yes","Somewhat.","I liked the decks with the progress bar.","Yes. There were definite patterns in most of the decks.","Yes, the decks that alternated colors were the most difficult for me,",3,7,9,1,2,6,3,3,0,0,0,3,0,2,0,4,4,0,3,4,4,0,1,3,0,0,0,2,0,0,0,2,0,0,2,0,0,0,0,2,0,0,0,0,1,0,3,0,0,1,0,990009
"359","wtnE5ZvR2SAyQFs",52,"Female","1",5,"deck6","deck5","P-P",76,6978.0150000006,7,"parity",2,69,898.124999948777,"Yes","Somewhat.","I liked the decks with the progress bar.","Yes. There were definite patterns in most of the decks.","Yes, the decks that alternated colors were the most difficult for me,",3,7,9,1,2,6,3,3,0,0,0,3,0,2,0,4,4,0,3,4,4,0,1,3,0,0,0,2,0,0,0,2,0,0,2,0,0,0,0,2,0,0,0,0,1,0,3,0,0,1,0,991409
"360","wtnE5ZvR2SAyQFs",52,"Female","1",5,"deck6","deck5","P-P",76,6978.0150000006,8,"magnitude",3,69,865.77999999281,"Yes","Somewhat.","I liked the decks with the progress bar.","Yes. There were definite patterns in most of the decks.","Yes, the decks that alternated colors were the most difficult for me,",3,7,9,1,2,6,3,3,0,0,0,3,0,2,0,4,4,0,3,4,4,0,1,3,0,0,0,2,0,0,0,2,0,0,2,0,0,0,0,2,0,0,0,0,1,0,3,0,0,1,0,992776
"361","wtnE5ZvR2SAyQFs",52,"Female","1",5,"deck6","deck5","P-P",76,6978.0150000006,9,"parity",8,73,1042.77999990154,"Yes","Somewhat.","I liked the decks with the progress bar.","Yes. There were definite patterns in most of the decks.","Yes, the decks that alternated colors were the most difficult for me,",3,7,9,1,2,6,3,3,0,0,0,3,0,2,0,4,4,0,3,4,4,0,1,3,0,0,0,2,0,0,0,2,0,0,2,0,0,0,0,2,0,0,0,0,1,0,3,0,0,1,0,994321
"362","wtnE5ZvR2SAyQFs",52,"Female","1",5,"deck6","deck5","P-P",76,6978.0150000006,10,"magnitude",1,69,1227.55499999039,"Yes","Somewhat.","I liked the decks with the progress bar.","Yes. There were definite patterns in most of the decks.","Yes, the decks that alternated colors were the most difficult for me,",3,7,9,1,2,6,3,3,0,0,0,3,0,2,0,4,4,0,3,4,4,0,1,3,0,0,0,2,0,0,0,2,0,0,2,0,0,0,0,2,0,0,0,0,1,0,3,0,0,1,0,996050
"363","wtnE5ZvR2SAyQFs",52,"Female","1",5,"deck6","deck5","P-P",76,6978.0150000006,11,"parity",8,69,864.399999962188,"Yes","Somewhat.","I liked the decks with the progress bar.","Yes. There were definite patterns in most of the decks.","Yes, the decks that alternated colors were the most difficult for me,",3,7,9,1,2,6,3,3,0,0,0,3,0,2,0,4,4,0,3,4,4,0,1,3,0,0,0,2,0,0,0,2,0,0,2,0,0,0,0,2,0,0,0,0,1,0,3,0,0,1,0,997417
"364","wtnE5ZvR2SAyQFs",52,"Female","1",5,"deck6","deck5","P-P",76,6978.0150000006,12,"magnitude",2,69,858.645000029355,"Yes","Somewhat.","I liked the decks with the progress bar.","Yes. There were definite patterns in most of the decks.","Yes, the decks that alternated colors were the most difficult for me,",3,7,9,1,2,6,3,3,0,0,0,3,0,2,0,4,4,0,3,4,4,0,1,3,0,0,0,2,0,0,0,2,0,0,2,0,0,0,0,2,0,0,0,0,1,0,3,0,0,1,0,998776
"365","wtnE5ZvR2SAyQFs",52,"Female","1",5,"deck6","deck5","P-P",76,6978.0150000006,13,"parity",8,69,802.909999969415,"Yes","Somewhat.","I liked the decks with the progress bar.","Yes. There were definite patterns in most of the decks.","Yes, the decks that alternated colors were the most difficult for me,",3,7,9,1,2,6,3,3,0,0,0,3,0,2,0,4,4,0,3,4,4,0,1,3,0,0,0,2,0,0,0,2,0,0,2,0,0,0,0,2,0,0,0,0,1,0,3,0,0,1,0,1000080
"366","wtnE5ZvR2SAyQFs",52,"Female","1",5,"deck6","deck5","P-P",76,6978.0150000006,14,"magnitude",6,73,978.540000040084,"Yes","Somewhat.","I liked the decks with the progress bar.","Yes. There were definite patterns in most of the decks.","Yes, the decks that alternated colors were the most difficult for me,",3,7,9,1,2,6,3,3,0,0,0,3,0,2,0,4,4,0,3,4,4,0,1,3,0,0,0,2,0,0,0,2,0,0,2,0,0,0,0,2,0,0,0,0,1,0,3,0,0,1,0,1001561
"367","wtnE5ZvR2SAyQFs",52,"Female","1",5,"deck6","deck5","P-P",76,6978.0150000006,15,"parity",1,73,1386.05000008829,"Yes","Somewhat.","I liked the decks with the progress bar.","Yes. There were definite patterns in most of the decks.","Yes, the decks that alternated colors were the most difficult for me,",3,7,9,1,2,6,3,3,0,0,0,3,0,2,0,4,4,0,3,4,4,0,1,3,0,0,0,2,0,0,0,2,0,0,2,0,0,0,0,2,0,0,0,0,1,0,3,0,0,1,0,1003448
"368","wtnE5ZvR2SAyQFs",52,"Female","1",5,"deck6","deck5","P-P",76,6978.0150000006,16,"magnitude",1,69,851.479999953881,"Yes","Somewhat.","I liked the decks with the progress bar.","Yes. There were definite patterns in most of the decks.","Yes, the decks that alternated colors were the most difficult for me,",3,7,9,1,2,6,3,3,0,0,0,3,0,2,0,4,4,0,3,4,4,0,1,3,0,0,0,2,0,0,0,2,0,0,2,0,0,0,0,2,0,0,0,0,1,0,3,0,0,1,0,1004802
"369","wtnE5ZvR2SAyQFs",52,"Female","1",6,"deck2","deck6","P-NP",82,8246.12500006333,1,"parity",1,73,1314.72999998368,"Yes","Somewhat.","I liked the decks with the progress bar.","Yes. There were definite patterns in most of the decks.","Yes, the decks that alternated colors were the most difficult for me,",3,7,9,1,2,6,3,3,0,0,0,3,0,2,0,4,4,0,3,4,4,0,1,3,0,0,0,2,0,0,0,2,0,0,2,0,0,0,0,2,0,0,0,0,1,0,3,0,0,1,0,1015872
"370","wtnE5ZvR2SAyQFs",52,"Female","1",6,"deck2","deck6","P-NP",82,8246.12500006333,2,"magnitude",4,69,1050.73000001721,"Yes","Somewhat.","I liked the decks with the progress bar.","Yes. There were definite patterns in most of the decks.","Yes, the decks that alternated colors were the most difficult for me,",3,7,9,1,2,6,3,3,0,0,0,3,0,2,0,4,4,0,3,4,4,0,1,3,0,0,0,2,0,0,0,2,0,0,2,0,0,0,0,2,0,0,0,0,1,0,3,0,0,1,0,1017424
"371","wtnE5ZvR2SAyQFs",52,"Female","1",6,"deck2","deck6","P-NP",82,8246.12500006333,3,"parity",3,73,818.325000000186,"Yes","Somewhat.","I liked the decks with the progress bar.","Yes. There were definite patterns in most of the decks.","Yes, the decks that alternated colors were the most difficult for me,",3,7,9,1,2,6,3,3,0,0,0,3,0,2,0,4,4,0,3,4,4,0,1,3,0,0,0,2,0,0,0,2,0,0,2,0,0,0,0,2,0,0,0,0,1,0,3,0,0,1,0,1018744
"372","wtnE5ZvR2SAyQFs",52,"Female","1",6,"deck2","deck6","P-NP",82,8246.12500006333,4,"magnitude",1,69,762.024999945424,"Yes","Somewhat.","I liked the decks with the progress bar.","Yes. There were definite patterns in most of the decks.","Yes, the decks that alternated colors were the most difficult for me,",3,7,9,1,2,6,3,3,0,0,0,3,0,2,0,4,4,0,3,4,4,0,1,3,0,0,0,2,0,0,0,2,0,0,2,0,0,0,0,2,0,0,0,0,1,0,3,0,0,1,0,1020008
"373","wtnE5ZvR2SAyQFs",52,"Female","1",6,"deck2","deck6","P-NP",82,8246.12500006333,5,"parity",2,69,827.010000008158,"Yes","Somewhat.","I liked the decks with the progress bar.","Yes. There were definite patterns in most of the decks.","Yes, the decks that alternated colors were the most difficult for me,",3,7,9,1,2,6,3,3,0,0,0,3,0,2,0,4,4,0,3,4,4,0,1,3,0,0,0,2,0,0,0,2,0,0,2,0,0,0,0,2,0,0,0,0,1,0,3,0,0,1,0,1021337
"374","wtnE5ZvR2SAyQFs",52,"Female","1",6,"deck2","deck6","P-NP",82,8246.12500006333,6,"magnitude",3,69,795.530000003055,"Yes","Somewhat.","I liked the decks with the progress bar.","Yes. There were definite patterns in most of the decks.","Yes, the decks that alternated colors were the most difficult for me,",3,7,9,1,2,6,3,3,0,0,0,3,0,2,0,4,4,0,3,4,4,0,1,3,0,0,0,2,0,0,0,2,0,0,2,0,0,0,0,2,0,0,0,0,1,0,3,0,0,1,0,1022634
"375","wtnE5ZvR2SAyQFs",52,"Female","1",6,"deck2","deck6","P-NP",82,8246.12500006333,7,"parity",8,69,935.23499998264,"Yes","Somewhat.","I liked the decks with the progress bar.","Yes. There were definite patterns in most of the decks.","Yes, the decks that alternated colors were the most difficult for me,",3,7,9,1,2,6,3,3,0,0,0,3,0,2,0,4,4,0,3,4,4,0,1,3,0,0,0,2,0,0,0,2,0,0,2,0,0,0,0,2,0,0,0,0,1,0,3,0,0,1,0,1024072
"376","wtnE5ZvR2SAyQFs",52,"Female","1",6,"deck2","deck6","P-NP",82,8246.12500006333,8,"magnitude",6,73,897.820000071079,"Yes","Somewhat.","I liked the decks with the progress bar.","Yes. There were definite patterns in most of the decks.","Yes, the decks that alternated colors were the most difficult for me,",3,7,9,1,2,6,3,3,0,0,0,3,0,2,0,4,4,0,3,4,4,0,1,3,0,0,0,2,0,0,0,2,0,0,2,0,0,0,0,2,0,0,0,0,1,0,3,0,0,1,0,1025472
"377","wtnE5ZvR2SAyQFs",52,"Female","1",6,"deck2","deck6","P-NP",82,8246.12500006333,9,"magnitude",4,69,802.705000038259,"Yes","Somewhat.","I liked the decks with the progress bar.","Yes. There were definite patterns in most of the decks.","Yes, the decks that alternated colors were the most difficult for me,",3,7,9,1,2,6,3,3,0,0,0,3,0,2,0,4,4,0,3,4,4,0,1,3,0,0,0,2,0,0,0,2,0,0,2,0,0,0,0,2,0,0,0,0,1,0,3,0,0,1,0,1026776
"378","wtnE5ZvR2SAyQFs",52,"Female","1",6,"deck2","deck6","P-NP",82,8246.12500006333,10,"parity",6,69,793.554999982007,"Yes","Somewhat.","I liked the decks with the progress bar.","Yes. There were definite patterns in most of the decks.","Yes, the decks that alternated colors were the most difficult for me,",3,7,9,1,2,6,3,3,0,0,0,3,0,2,0,4,4,0,3,4,4,0,1,3,0,0,0,2,0,0,0,2,0,0,2,0,0,0,0,2,0,0,0,0,1,0,3,0,0,1,0,1028072
"379","wtnE5ZvR2SAyQFs",52,"Female","1",6,"deck2","deck6","P-NP",82,8246.12500006333,11,"magnitude",1,69,914.164999965578,"Yes","Somewhat.","I liked the decks with the progress bar.","Yes. There were definite patterns in most of the decks.","Yes, the decks that alternated colors were the most difficult for me,",3,7,9,1,2,6,3,3,0,0,0,3,0,2,0,4,4,0,3,4,4,0,1,3,0,0,0,2,0,0,0,2,0,0,2,0,0,0,0,2,0,0,0,0,1,0,3,0,0,1,0,1029488
"380","wtnE5ZvR2SAyQFs",52,"Female","1",6,"deck2","deck6","P-NP",82,8246.12500006333,12,"parity",4,73,914.099999936298,"Yes","Somewhat.","I liked the decks with the progress bar.","Yes. There were definite patterns in most of the decks.","Yes, the decks that alternated colors were the most difficult for me,",3,7,9,1,2,6,3,3,0,0,0,3,0,2,0,4,4,0,3,4,4,0,1,3,0,0,0,2,0,0,0,2,0,0,2,0,0,0,0,2,0,0,0,0,1,0,3,0,0,1,0,1030904
"381","wtnE5ZvR2SAyQFs",52,"Female","1",6,"deck2","deck6","P-NP",82,8246.12500006333,13,"magnitude",8,73,1162.07500000019,"Yes","Somewhat.","I liked the decks with the progress bar.","Yes. There were definite patterns in most of the decks.","Yes, the decks that alternated colors were the most difficult for me,",3,7,9,1,2,6,3,3,0,0,0,3,0,2,0,4,4,0,3,4,4,0,1,3,0,0,0,2,0,0,0,2,0,0,2,0,0,0,0,2,0,0,0,0,1,0,3,0,0,1,0,1032568
"382","wtnE5ZvR2SAyQFs",52,"Female","1",6,"deck2","deck6","P-NP",82,8246.12500006333,14,"parity",3,73,930.285000009462,"Yes","Somewhat.","I liked the decks with the progress bar.","Yes. There were definite patterns in most of the decks.","Yes, the decks that alternated colors were the most difficult for me,",3,7,9,1,2,6,3,3,0,0,0,3,0,2,0,4,4,0,3,4,4,0,1,3,0,0,0,2,0,0,0,2,0,0,2,0,0,0,0,2,0,0,0,0,1,0,3,0,0,1,0,1034000
"383","wtnE5ZvR2SAyQFs",52,"Female","1",6,"deck2","deck6","P-NP",82,8246.12500006333,15,"magnitude",8,73,874.384999973699,"Yes","Somewhat.","I liked the decks with the progress bar.","Yes. There were definite patterns in most of the decks.","Yes, the decks that alternated colors were the most difficult for me,",3,7,9,1,2,6,3,3,0,0,0,3,0,2,0,4,4,0,3,4,4,0,1,3,0,0,0,2,0,0,0,2,0,0,2,0,0,0,0,2,0,0,0,0,1,0,3,0,0,1,0,1035376
"384","wtnE5ZvR2SAyQFs",52,"Female","1",6,"deck2","deck6","P-NP",82,8246.12500006333,16,"parity",7,69,921.910000033677,"Yes","Somewhat.","I liked the decks with the progress bar.","Yes. There were definite patterns in most of the decks.","Yes, the decks that alternated colors were the most difficult for me,",3,7,9,1,2,6,3,3,0,0,0,3,0,2,0,4,4,0,3,4,4,0,1,3,0,0,0,2,0,0,0,2,0,0,2,0,0,0,0,2,0,0,0,0,1,0,3,0,0,1,0,1036800
"385","wtnE5ZvR2SAyQFs",52,"Female","1",7,"deck2","deck6","P-NP",82,3819.02499997523,1,"parity",3,73,1334.44499992765,"Yes","Somewhat.","I liked the decks with the progress bar.","Yes. There were definite patterns in most of the decks.","Yes, the decks that alternated colors were the most difficult for me,",3,7,9,1,2,6,3,3,0,0,0,3,0,2,0,4,4,0,3,4,4,0,1,3,0,0,0,2,0,0,0,2,0,0,2,0,0,0,0,2,0,0,0,0,1,0,3,0,0,1,0,1043464
"386","wtnE5ZvR2SAyQFs",52,"Female","1",7,"deck2","deck6","P-NP",82,3819.02499997523,2,"parity",7,73,873.939999961294,"Yes","Somewhat.","I liked the decks with the progress bar.","Yes. There were definite patterns in most of the decks.","Yes, the decks that alternated colors were the most difficult for me,",3,7,9,1,2,6,3,3,0,0,0,3,0,2,0,4,4,0,3,4,4,0,1,3,0,0,0,2,0,0,0,2,0,0,2,0,0,0,0,2,0,0,0,0,1,0,3,0,0,1,0,1044840
"387","wtnE5ZvR2SAyQFs",52,"Female","1",7,"deck2","deck6","P-NP",82,3819.02499997523,3,"magnitude",7,69,738.175000064075,"Yes","Somewhat.","I liked the decks with the progress bar.","Yes. There were definite patterns in most of the decks.","Yes, the decks that alternated colors were the most difficult for me,",3,7,9,1,2,6,3,3,0,0,0,3,0,2,0,4,4,0,3,4,4,0,1,3,0,0,0,2,0,0,0,2,0,0,2,0,0,0,0,2,0,0,0,0,1,0,3,0,0,1,0,1046080
"388","wtnE5ZvR2SAyQFs",52,"Female","1",7,"deck2","deck6","P-NP",82,3819.02499997523,4,"parity",1,73,1361.71500000637,"Yes","Somewhat.","I liked the decks with the progress bar.","Yes. There were definite patterns in most of the decks.","Yes, the decks that alternated colors were the most difficult for me,",3,7,9,1,2,6,3,3,0,0,0,3,0,2,0,4,4,0,3,4,4,0,1,3,0,0,0,2,0,0,0,2,0,0,2,0,0,0,0,2,0,0,0,0,1,0,3,0,0,1,0,1047944
"389","wtnE5ZvR2SAyQFs",52,"Female","1",7,"deck2","deck6","P-NP",82,3819.02499997523,5,"magnitude",2,69,698.764999979176,"Yes","Somewhat.","I liked the decks with the progress bar.","Yes. There were definite patterns in most of the decks.","Yes, the decks that alternated colors were the most difficult for me,",3,7,9,1,2,6,3,3,0,0,0,3,0,2,0,4,4,0,3,4,4,0,1,3,0,0,0,2,0,0,0,2,0,0,2,0,0,0,0,2,0,0,0,0,1,0,3,0,0,1,0,1049144
"390","wtnE5ZvR2SAyQFs",52,"Female","1",7,"deck2","deck6","P-NP",82,3819.02499997523,6,"parity",6,69,1257.13499996345,"Yes","Somewhat.","I liked the decks with the progress bar.","Yes. There were definite patterns in most of the decks.","Yes, the decks that alternated colors were the most difficult for me,",3,7,9,1,2,6,3,3,0,0,0,3,0,2,0,4,4,0,3,4,4,0,1,3,0,0,0,2,0,0,0,2,0,0,2,0,0,0,0,2,0,0,0,0,1,0,3,0,0,1,0,1050904
"391","wtnE5ZvR2SAyQFs",52,"Female","1",7,"deck2","deck6","P-NP",82,3819.02499997523,7,"magnitude",4,69,834.415000048466,"Yes","Somewhat.","I liked the decks with the progress bar.","Yes. There were definite patterns in most of the decks.","Yes, the decks that alternated colors were the most difficult for me,",3,7,9,1,2,6,3,3,0,0,0,3,0,2,0,4,4,0,3,4,4,0,1,3,0,0,0,2,0,0,0,2,0,0,2,0,0,0,0,2,0,0,0,0,1,0,3,0,0,1,0,1052240
"392","wtnE5ZvR2SAyQFs",52,"Female","1",7,"deck2","deck6","P-NP",82,3819.02499997523,8,"parity",1,73,706.064999918453,"Yes","Somewhat.","I liked the decks with the progress bar.","Yes. There were definite patterns in most of the decks.","Yes, the decks that alternated colors were the most difficult for me,",3,7,9,1,2,6,3,3,0,0,0,3,0,2,0,4,4,0,3,4,4,0,1,3,0,0,0,2,0,0,0,2,0,0,2,0,0,0,0,2,0,0,0,0,1,0,3,0,0,1,0,1053448
"393","wtnE5ZvR2SAyQFs",52,"Female","1",7,"deck2","deck6","P-NP",82,3819.02499997523,9,"magnitude",4,69,753.885000012815,"Yes","Somewhat.","I liked the decks with the progress bar.","Yes. There were definite patterns in most of the decks.","Yes, the decks that alternated colors were the most difficult for me,",3,7,9,1,2,6,3,3,0,0,0,3,0,2,0,4,4,0,3,4,4,0,1,3,0,0,0,2,0,0,0,2,0,0,2,0,0,0,0,2,0,0,0,0,1,0,3,0,0,1,0,1054704
"394","wtnE5ZvR2SAyQFs",52,"Female","1",7,"deck2","deck6","P-NP",82,3819.02499997523,10,"parity",7,73,706.869999994524,"Yes","Somewhat.","I liked the decks with the progress bar.","Yes. There were definite patterns in most of the decks.","Yes, the decks that alternated colors were the most difficult for me,",3,7,9,1,2,6,3,3,0,0,0,3,0,2,0,4,4,0,3,4,4,0,1,3,0,0,0,2,0,0,0,2,0,0,2,0,0,0,0,2,0,0,0,0,1,0,3,0,0,1,0,1055912
"395","wtnE5ZvR2SAyQFs",52,"Female","1",7,"deck2","deck6","P-NP",82,3819.02499997523,11,"magnitude",4,69,762.470000074245,"Yes","Somewhat.","I liked the decks with the progress bar.","Yes. There were definite patterns in most of the decks.","Yes, the decks that alternated colors were the most difficult for me,",3,7,9,1,2,6,3,3,0,0,0,3,0,2,0,4,4,0,3,4,4,0,1,3,0,0,0,2,0,0,0,2,0,0,2,0,0,0,0,2,0,0,0,0,1,0,3,0,0,1,0,1057176
"396","wtnE5ZvR2SAyQFs",52,"Female","1",7,"deck2","deck6","P-NP",82,3819.02499997523,12,"parity",6,69,858.314999961294,"Yes","Somewhat.","I liked the decks with the progress bar.","Yes. There were definite patterns in most of the decks.","Yes, the decks that alternated colors were the most difficult for me,",3,7,9,1,2,6,3,3,0,0,0,3,0,2,0,4,4,0,3,4,4,0,1,3,0,0,0,2,0,0,0,2,0,0,2,0,0,0,0,2,0,0,0,0,1,0,3,0,0,1,0,1058536
"397","wtnE5ZvR2SAyQFs",52,"Female","1",7,"deck2","deck6","P-NP",82,3819.02499997523,13,"magnitude",4,69,786.015000077896,"Yes","Somewhat.","I liked the decks with the progress bar.","Yes. There were definite patterns in most of the decks.","Yes, the decks that alternated colors were the most difficult for me,",3,7,9,1,2,6,3,3,0,0,0,3,0,2,0,4,4,0,3,4,4,0,1,3,0,0,0,2,0,0,0,2,0,0,2,0,0,0,0,2,0,0,0,0,1,0,3,0,0,1,0,1059824
"398","wtnE5ZvR2SAyQFs",52,"Female","1",7,"deck2","deck6","P-NP",82,3819.02499997523,14,"parity",2,73,922.610000008717,"Yes","Somewhat.","I liked the decks with the progress bar.","Yes. There were definite patterns in most of the decks.","Yes, the decks that alternated colors were the most difficult for me,",3,7,9,1,2,6,3,3,0,0,0,3,0,2,0,4,4,0,3,4,4,0,1,3,0,0,0,2,0,0,0,2,0,0,2,0,0,0,0,2,0,0,0,0,1,0,3,0,0,1,0,1061248
"399","wtnE5ZvR2SAyQFs",52,"Female","1",7,"deck2","deck6","P-NP",82,3819.02499997523,15,"magnitude",2,69,922.254999983124,"Yes","Somewhat.","I liked the decks with the progress bar.","Yes. There were definite patterns in most of the decks.","Yes, the decks that alternated colors were the most difficult for me,",3,7,9,1,2,6,3,3,0,0,0,3,0,2,0,4,4,0,3,4,4,0,1,3,0,0,0,2,0,0,0,2,0,0,2,0,0,0,0,2,0,0,0,0,1,0,3,0,0,1,0,1062672
"400","wtnE5ZvR2SAyQFs",52,"Female","1",7,"deck2","deck6","P-NP",82,3819.02499997523,16,"parity",2,69,705.835000029765,"Yes","Somewhat.","I liked the decks with the progress bar.","Yes. There were definite patterns in most of the decks.","Yes, the decks that alternated colors were the most difficult for me,",3,7,9,1,2,6,3,3,0,0,0,3,0,2,0,4,4,0,3,4,4,0,1,3,0,0,0,2,0,0,0,2,0,0,2,0,0,0,0,2,0,0,0,0,1,0,3,0,0,1,0,1063880
"401","wtnE5ZvR2SAyQFs",52,"Female","1",8,"deck1","deck5","P-NP",82,2313.64499998745,1,"magnitude",4,69,1296.6749999905,"Yes","Somewhat.","I liked the decks with the progress bar.","Yes. There were definite patterns in most of the decks.","Yes, the decks that alternated colors were the most difficult for me,",3,7,9,1,2,6,3,3,0,0,0,3,0,2,0,4,4,0,3,4,4,0,1,3,0,0,0,2,0,0,0,2,0,0,2,0,0,0,0,2,0,0,0,0,1,0,3,0,0,1,0,1069000
"402","wtnE5ZvR2SAyQFs",52,"Female","1",8,"deck1","deck5","P-NP",82,2313.64499998745,2,"parity",7,73,922.430000035092,"Yes","Somewhat.","I liked the decks with the progress bar.","Yes. There were definite patterns in most of the decks.","Yes, the decks that alternated colors were the most difficult for me,",3,7,9,1,2,6,3,3,0,0,0,3,0,2,0,4,4,0,3,4,4,0,1,3,0,0,0,2,0,0,0,2,0,0,2,0,0,0,0,2,0,0,0,0,1,0,3,0,0,1,0,1070424
"403","wtnE5ZvR2SAyQFs",52,"Female","1",8,"deck1","deck5","P-NP",82,2313.64499998745,3,"parity",4,69,810.760000022128,"Yes","Somewhat.","I liked the decks with the progress bar.","Yes. There were definite patterns in most of the decks.","Yes, the decks that alternated colors were the most difficult for me,",3,7,9,1,2,6,3,3,0,0,0,3,0,2,0,4,4,0,3,4,4,0,1,3,0,0,0,2,0,0,0,2,0,0,2,0,0,0,0,2,0,0,0,0,1,0,3,0,0,1,0,1071736
"404","wtnE5ZvR2SAyQFs",52,"Female","1",8,"deck1","deck5","P-NP",82,2313.64499998745,4,"magnitude",2,69,946.36000005994,"Yes","Somewhat.","I liked the decks with the progress bar.","Yes. There were definite patterns in most of the decks.","Yes, the decks that alternated colors were the most difficult for me,",3,7,9,1,2,6,3,3,0,0,0,3,0,2,0,4,4,0,3,4,4,0,1,3,0,0,0,2,0,0,0,2,0,0,2,0,0,0,0,2,0,0,0,0,1,0,3,0,0,1,0,1073184
"405","wtnE5ZvR2SAyQFs",52,"Female","1",8,"deck1","deck5","P-NP",82,2313.64499998745,5,"magnitude",9,73,947.000000043772,"Yes","Somewhat.","I liked the decks with the progress bar.","Yes. There were definite patterns in most of the decks.","Yes, the decks that alternated colors were the most difficult for me,",3,7,9,1,2,6,3,3,0,0,0,3,0,2,0,4,4,0,3,4,4,0,1,3,0,0,0,2,0,0,0,2,0,0,2,0,0,0,0,2,0,0,0,0,1,0,3,0,0,1,0,1074632
"406","wtnE5ZvR2SAyQFs",52,"Female","1",8,"deck1","deck5","P-NP",82,2313.64499998745,6,"parity",2,69,857.760000042617,"Yes","Somewhat.","I liked the decks with the progress bar.","Yes. There were definite patterns in most of the decks.","Yes, the decks that alternated colors were the most difficult for me,",3,7,9,1,2,6,3,3,0,0,0,3,0,2,0,4,4,0,3,4,4,0,1,3,0,0,0,2,0,0,0,2,0,0,2,0,0,0,0,2,0,0,0,0,1,0,3,0,0,1,0,1075992
"407","wtnE5ZvR2SAyQFs",52,"Female","1",8,"deck1","deck5","P-NP",82,2313.64499998745,7,"parity",8,69,1042.8949999623,"Yes","Somewhat.","I liked the decks with the progress bar.","Yes. There were definite patterns in most of the decks.","Yes, the decks that alternated colors were the most difficult for me,",3,7,9,1,2,6,3,3,0,0,0,3,0,2,0,4,4,0,3,4,4,0,1,3,0,0,0,2,0,0,0,2,0,0,2,0,0,0,0,2,0,0,0,0,1,0,3,0,0,1,0,1077536
"408","wtnE5ZvR2SAyQFs",52,"Female","1",8,"deck1","deck5","P-NP",82,2313.64499998745,8,"magnitude",4,69,913.844999973662,"Yes","Somewhat.","I liked the decks with the progress bar.","Yes. There were definite patterns in most of the decks.","Yes, the decks that alternated colors were the most difficult for me,",3,7,9,1,2,6,3,3,0,0,0,3,0,2,0,4,4,0,3,4,4,0,1,3,0,0,0,2,0,0,0,2,0,0,2,0,0,0,0,2,0,0,0,0,1,0,3,0,0,1,0,1078952
"409","wtnE5ZvR2SAyQFs",52,"Female","1",8,"deck1","deck5","P-NP",82,2313.64499998745,9,"parity",9,73,770.929999998771,"Yes","Somewhat.","I liked the decks with the progress bar.","Yes. There were definite patterns in most of the decks.","Yes, the decks that alternated colors were the most difficult for me,",3,7,9,1,2,6,3,3,0,0,0,3,0,2,0,4,4,0,3,4,4,0,1,3,0,0,0,2,0,0,0,2,0,0,2,0,0,0,0,2,0,0,0,0,1,0,3,0,0,1,0,1080224
"410","wtnE5ZvR2SAyQFs",52,"Female","1",8,"deck1","deck5","P-NP",82,2313.64499998745,10,"parity",7,73,914.519999991171,"Yes","Somewhat.","I liked the decks with the progress bar.","Yes. There were definite patterns in most of the decks.","Yes, the decks that alternated colors were the most difficult for me,",3,7,9,1,2,6,3,3,0,0,0,3,0,2,0,4,4,0,3,4,4,0,1,3,0,0,0,2,0,0,0,2,0,0,2,0,0,0,0,2,0,0,0,0,1,0,3,0,0,1,0,1081640
"411","wtnE5ZvR2SAyQFs",52,"Female","1",8,"deck1","deck5","P-NP",82,2313.64499998745,11,"magnitude",4,69,858.09499991592,"Yes","Somewhat.","I liked the decks with the progress bar.","Yes. There were definite patterns in most of the decks.","Yes, the decks that alternated colors were the most difficult for me,",3,7,9,1,2,6,3,3,0,0,0,3,0,2,0,4,4,0,3,4,4,0,1,3,0,0,0,2,0,0,0,2,0,0,2,0,0,0,0,2,0,0,0,0,1,0,3,0,0,1,0,1083000
"412","wtnE5ZvR2SAyQFs",52,"Female","1",8,"deck1","deck5","P-NP",82,2313.64499998745,12,"parity",2,69,1097.99999999814,"Yes","Somewhat.","I liked the decks with the progress bar.","Yes. There were definite patterns in most of the decks.","Yes, the decks that alternated colors were the most difficult for me,",3,7,9,1,2,6,3,3,0,0,0,3,0,2,0,4,4,0,3,4,4,0,1,3,0,0,0,2,0,0,0,2,0,0,2,0,0,0,0,2,0,0,0,0,1,0,3,0,0,1,0,1084600
"413","wtnE5ZvR2SAyQFs",52,"Female","1",8,"deck1","deck5","P-NP",82,2313.64499998745,13,"parity",6,69,834.200000041164,"Yes","Somewhat.","I liked the decks with the progress bar.","Yes. There were definite patterns in most of the decks.","Yes, the decks that alternated colors were the most difficult for me,",3,7,9,1,2,6,3,3,0,0,0,3,0,2,0,4,4,0,3,4,4,0,1,3,0,0,0,2,0,0,0,2,0,0,2,0,0,0,0,2,0,0,0,0,1,0,3,0,0,1,0,1085936
"414","wtnE5ZvR2SAyQFs",52,"Female","1",8,"deck1","deck5","P-NP",82,2313.64499998745,14,"magnitude",8,73,784.519999986514,"Yes","Somewhat.","I liked the decks with the progress bar.","Yes. There were definite patterns in most of the decks.","Yes, the decks that alternated colors were the most difficult for me,",3,7,9,1,2,6,3,3,0,0,0,3,0,2,0,4,4,0,3,4,4,0,1,3,0,0,0,2,0,0,0,2,0,0,2,0,0,0,0,2,0,0,0,0,1,0,3,0,0,1,0,1087223
"415","wtnE5ZvR2SAyQFs",52,"Female","1",8,"deck1","deck5","P-NP",82,2313.64499998745,15,"magnitude",8,73,802.869999897666,"Yes","Somewhat.","I liked the decks with the progress bar.","Yes. There were definite patterns in most of the decks.","Yes, the decks that alternated colors were the most difficult for me,",3,7,9,1,2,6,3,3,0,0,0,3,0,2,0,4,4,0,3,4,4,0,1,3,0,0,0,2,0,0,0,2,0,0,2,0,0,0,0,2,0,0,0,0,1,0,3,0,0,1,0,1088527
"416","wtnE5ZvR2SAyQFs",52,"Female","1",8,"deck1","deck5","P-NP",82,2313.64499998745,16,"magnitude",7,73,946.490000002086,"Yes","Somewhat.","I liked the decks with the progress bar.","Yes. There were definite patterns in most of the decks.","Yes, the decks that alternated colors were the most difficult for me,",3,7,9,1,2,6,3,3,0,0,0,3,0,2,0,4,4,0,3,4,4,0,1,3,0,0,0,2,0,0,0,2,0,0,2,0,0,0,0,2,0,0,0,0,1,0,3,0,0,1,0,1089975
"417","wtnE5ZvR2SAyQFs",52,"Female","1",9,"deck4","deck3","P-NP",82,2578.06500000879,1,"parity",6,69,1602.13499993552,"Yes","Somewhat.","I liked the decks with the progress bar.","Yes. There were definite patterns in most of the decks.","Yes, the decks that alternated colors were the most difficult for me,",3,7,9,1,2,6,3,3,0,0,0,3,0,2,0,4,4,0,3,4,4,0,1,3,0,0,0,2,0,0,0,2,0,0,2,0,0,0,0,2,0,0,0,0,1,0,3,0,0,1,0,1095663
"418","wtnE5ZvR2SAyQFs",52,"Female","1",9,"deck4","deck3","P-NP",82,2578.06500000879,2,"magnitude",2,69,897.590000065975,"Yes","Somewhat.","I liked the decks with the progress bar.","Yes. There were definite patterns in most of the decks.","Yes, the decks that alternated colors were the most difficult for me,",3,7,9,1,2,6,3,3,0,0,0,3,0,2,0,4,4,0,3,4,4,0,1,3,0,0,0,2,0,0,0,2,0,0,2,0,0,0,0,2,0,0,0,0,1,0,3,0,0,1,0,1097063
"419","wtnE5ZvR2SAyQFs",52,"Female","1",9,"deck4","deck3","P-NP",82,2578.06500000879,3,"parity",3,73,1010.83000004292,"Yes","Somewhat.","I liked the decks with the progress bar.","Yes. There were definite patterns in most of the decks.","Yes, the decks that alternated colors were the most difficult for me,",3,7,9,1,2,6,3,3,0,0,0,3,0,2,0,4,4,0,3,4,4,0,1,3,0,0,0,2,0,0,0,2,0,0,2,0,0,0,0,2,0,0,0,0,1,0,3,0,0,1,0,1098575
"420","wtnE5ZvR2SAyQFs",52,"Female","1",9,"deck4","deck3","P-NP",82,2578.06500000879,4,"magnitude",8,73,921.68499995023,"Yes","Somewhat.","I liked the decks with the progress bar.","Yes. There were definite patterns in most of the decks.","Yes, the decks that alternated colors were the most difficult for me,",3,7,9,1,2,6,3,3,0,0,0,3,0,2,0,4,4,0,3,4,4,0,1,3,0,0,0,2,0,0,0,2,0,0,2,0,0,0,0,2,0,0,0,0,1,0,3,0,0,1,0,1099999
"421","wtnE5ZvR2SAyQFs",52,"Female","1",9,"deck4","deck3","P-NP",82,2578.06500000879,5,"magnitude",8,73,1049.52500003856,"Yes","Somewhat.","I liked the decks with the progress bar.","Yes. There were definite patterns in most of the decks.","Yes, the decks that alternated colors were the most difficult for me,",3,7,9,1,2,6,3,3,0,0,0,3,0,2,0,4,4,0,3,4,4,0,1,3,0,0,0,2,0,0,0,2,0,0,2,0,0,0,0,2,0,0,0,0,1,0,3,0,0,1,0,1101551
"422","wtnE5ZvR2SAyQFs",52,"Female","1",9,"deck4","deck3","P-NP",82,2578.06500000879,6,"parity",4,69,1416.31499992218,"Yes","Somewhat.","I liked the decks with the progress bar.","Yes. There were definite patterns in most of the decks.","Yes, the decks that alternated colors were the most difficult for me,",3,7,9,1,2,6,3,3,0,0,0,3,0,2,0,4,4,0,3,4,4,0,1,3,0,0,0,2,0,0,0,2,0,0,2,0,0,0,0,2,0,0,0,0,1,0,3,0,0,1,0,1103471
"423","wtnE5ZvR2SAyQFs",52,"Female","1",9,"deck4","deck3","P-NP",82,2578.06500000879,7,"magnitude",1,69,1049.81999995653,"Yes","Somewhat.","I liked the decks with the progress bar.","Yes. There were definite patterns in most of the decks.","Yes, the decks that alternated colors were the most difficult for me,",3,7,9,1,2,6,3,3,0,0,0,3,0,2,0,4,4,0,3,4,4,0,1,3,0,0,0,2,0,0,0,2,0,0,2,0,0,0,0,2,0,0,0,0,1,0,3,0,0,1,0,1105023
"424","wtnE5ZvR2SAyQFs",52,"Female","1",9,"deck4","deck3","P-NP",82,2578.06500000879,8,"parity",1,73,938.659999985248,"Yes","Somewhat.","I liked the decks with the progress bar.","Yes. There were definite patterns in most of the decks.","Yes, the decks that alternated colors were the most difficult for me,",3,7,9,1,2,6,3,3,0,0,0,3,0,2,0,4,4,0,3,4,4,0,1,3,0,0,0,2,0,0,0,2,0,0,2,0,0,0,0,2,0,0,0,0,1,0,3,0,0,1,0,1106463
"425","wtnE5ZvR2SAyQFs",52,"Female","1",9,"deck4","deck3","P-NP",82,2578.06500000879,9,"magnitude",2,69,650.540000060573,"Yes","Somewhat.","I liked the decks with the progress bar.","Yes. There were definite patterns in most of the decks.","Yes, the decks that alternated colors were the most difficult for me,",3,7,9,1,2,6,3,3,0,0,0,3,0,2,0,4,4,0,3,4,4,0,1,3,0,0,0,2,0,0,0,2,0,0,2,0,0,0,0,2,0,0,0,0,1,0,3,0,0,1,0,1107615
"426","wtnE5ZvR2SAyQFs",52,"Female","1",9,"deck4","deck3","P-NP",82,2578.06500000879,10,"parity",7,73,1025.89000004809,"Yes","Somewhat.","I liked the decks with the progress bar.","Yes. There were definite patterns in most of the decks.","Yes, the decks that alternated colors were the most difficult for me,",3,7,9,1,2,6,3,3,0,0,0,3,0,2,0,4,4,0,3,4,4,0,1,3,0,0,0,2,0,0,0,2,0,0,2,0,0,0,0,2,0,0,0,0,1,0,3,0,0,1,0,1109143
"427","wtnE5ZvR2SAyQFs",52,"Female","1",9,"deck4","deck3","P-NP",82,2578.06500000879,11,"magnitude",4,69,786.254999926314,"Yes","Somewhat.","I liked the decks with the progress bar.","Yes. There were definite patterns in most of the decks.","Yes, the decks that alternated colors were the most difficult for me,",3,7,9,1,2,6,3,3,0,0,0,3,0,2,0,4,4,0,3,4,4,0,1,3,0,0,0,2,0,0,0,2,0,0,2,0,0,0,0,2,0,0,0,0,1,0,3,0,0,1,0,1110431
"428","wtnE5ZvR2SAyQFs",52,"Female","1",9,"deck4","deck3","P-NP",82,2578.06500000879,12,"parity",9,73,825.919999973848,"Yes","Somewhat.","I liked the decks with the progress bar.","Yes. There were definite patterns in most of the decks.","Yes, the decks that alternated colors were the most difficult for me,",3,7,9,1,2,6,3,3,0,0,0,3,0,2,0,4,4,0,3,4,4,0,1,3,0,0,0,2,0,0,0,2,0,0,2,0,0,0,0,2,0,0,0,0,1,0,3,0,0,1,0,1111759
"429","wtnE5ZvR2SAyQFs",52,"Female","1",9,"deck4","deck3","P-NP",82,2578.06500000879,13,"magnitude",4,69,835.109999985434,"Yes","Somewhat.","I liked the decks with the progress bar.","Yes. There were definite patterns in most of the decks.","Yes, the decks that alternated colors were the most difficult for me,",3,7,9,1,2,6,3,3,0,0,0,3,0,2,0,4,4,0,3,4,4,0,1,3,0,0,0,2,0,0,0,2,0,0,2,0,0,0,0,2,0,0,0,0,1,0,3,0,0,1,0,1113096
"430","wtnE5ZvR2SAyQFs",52,"Female","1",9,"deck4","deck3","P-NP",82,2578.06500000879,14,"parity",2,69,832.909999997355,"Yes","Somewhat.","I liked the decks with the progress bar.","Yes. There were definite patterns in most of the decks.","Yes, the decks that alternated colors were the most difficult for me,",3,7,9,1,2,6,3,3,0,0,0,3,0,2,0,4,4,0,3,4,4,0,1,3,0,0,0,2,0,0,0,2,0,0,2,0,0,0,0,2,0,0,0,0,1,0,3,0,0,1,0,1114431
"431","wtnE5ZvR2SAyQFs",52,"Female","1",9,"deck4","deck3","P-NP",82,2578.06500000879,15,"magnitude",3,69,874.575000023469,"Yes","Somewhat.","I liked the decks with the progress bar.","Yes. There were definite patterns in most of the decks.","Yes, the decks that alternated colors were the most difficult for me,",3,7,9,1,2,6,3,3,0,0,0,3,0,2,0,4,4,0,3,4,4,0,1,3,0,0,0,2,0,0,0,2,0,0,2,0,0,0,0,2,0,0,0,0,1,0,3,0,0,1,0,1115807
"432","wtnE5ZvR2SAyQFs",52,"Female","1",9,"deck4","deck3","P-NP",82,2578.06500000879,16,"parity",6,69,890.650000073947,"Yes","Somewhat.","I liked the decks with the progress bar.","Yes. There were definite patterns in most of the decks.","Yes, the decks that alternated colors were the most difficult for me,",3,7,9,1,2,6,3,3,0,0,0,3,0,2,0,4,4,0,3,4,4,0,1,3,0,0,0,2,0,0,0,2,0,0,2,0,0,0,0,2,0,0,0,0,1,0,3,0,0,1,0,1117199
"433","wtnE5ZvR2SAyQFs",52,"Female","1",10,"deck4","deck2","P-NP",76,5249.6149999788,1,"parity",6,69,1485.16499996185,"Yes","Somewhat.","I liked the decks with the progress bar.","Yes. There were definite patterns in most of the decks.","Yes, the decks that alternated colors were the most difficult for me,",3,7,9,1,2,6,3,3,0,0,0,3,0,2,0,4,4,0,3,4,4,0,1,3,0,0,0,2,0,0,0,2,0,0,2,0,0,0,0,2,0,0,0,0,1,0,3,0,0,1,0,1125439
"434","wtnE5ZvR2SAyQFs",52,"Female","1",10,"deck4","deck2","P-NP",76,5249.6149999788,2,"parity",7,73,761.530000017956,"Yes","Somewhat.","I liked the decks with the progress bar.","Yes. There were definite patterns in most of the decks.","Yes, the decks that alternated colors were the most difficult for me,",3,7,9,1,2,6,3,3,0,0,0,3,0,2,0,4,4,0,3,4,4,0,1,3,0,0,0,2,0,0,0,2,0,0,2,0,0,0,0,2,0,0,0,0,1,0,3,0,0,1,0,1126703
"435","wtnE5ZvR2SAyQFs",52,"Female","1",10,"deck4","deck2","P-NP",76,5249.6149999788,3,"parity",3,73,930.590000003576,"Yes","Somewhat.","I liked the decks with the progress bar.","Yes. There were definite patterns in most of the decks.","Yes, the decks that alternated colors were the most difficult for me,",3,7,9,1,2,6,3,3,0,0,0,3,0,2,0,4,4,0,3,4,4,0,1,3,0,0,0,2,0,0,0,2,0,0,2,0,0,0,0,2,0,0,0,0,1,0,3,0,0,1,0,1128135
"436","wtnE5ZvR2SAyQFs",52,"Female","1",10,"deck4","deck2","P-NP",76,5249.6149999788,4,"parity",4,69,1194.18500002939,"Yes","Somewhat.","I liked the decks with the progress bar.","Yes. There were definite patterns in most of the decks.","Yes, the decks that alternated colors were the most difficult for me,",3,7,9,1,2,6,3,3,0,0,0,3,0,2,0,4,4,0,3,4,4,0,1,3,0,0,0,2,0,0,0,2,0,0,2,0,0,0,0,2,0,0,0,0,1,0,3,0,0,1,0,1129831
"437","wtnE5ZvR2SAyQFs",52,"Female","1",10,"deck4","deck2","P-NP",76,5249.6149999788,5,"parity",4,69,754.579999949783,"Yes","Somewhat.","I liked the decks with the progress bar.","Yes. There were definite patterns in most of the decks.","Yes, the decks that alternated colors were the most difficult for me,",3,7,9,1,2,6,3,3,0,0,0,3,0,2,0,4,4,0,3,4,4,0,1,3,0,0,0,2,0,0,0,2,0,0,2,0,0,0,0,2,0,0,0,0,1,0,3,0,0,1,0,1131087
"438","wtnE5ZvR2SAyQFs",52,"Female","1",10,"deck4","deck2","P-NP",76,5249.6149999788,6,"parity",4,69,706.114999949932,"Yes","Somewhat.","I liked the decks with the progress bar.","Yes. There were definite patterns in most of the decks.","Yes, the decks that alternated colors were the most difficult for me,",3,7,9,1,2,6,3,3,0,0,0,3,0,2,0,4,4,0,3,4,4,0,1,3,0,0,0,2,0,0,0,2,0,0,2,0,0,0,0,2,0,0,0,0,1,0,3,0,0,1,0,1132295
"439","wtnE5ZvR2SAyQFs",52,"Female","1",10,"deck4","deck2","P-NP",76,5249.6149999788,7,"parity",8,69,754.120000055991,"Yes","Somewhat.","I liked the decks with the progress bar.","Yes. There were definite patterns in most of the decks.","Yes, the decks that alternated colors were the most difficult for me,",3,7,9,1,2,6,3,3,0,0,0,3,0,2,0,4,4,0,3,4,4,0,1,3,0,0,0,2,0,0,0,2,0,0,2,0,0,0,0,2,0,0,0,0,1,0,3,0,0,1,0,1133551
"440","wtnE5ZvR2SAyQFs",52,"Female","1",10,"deck4","deck2","P-NP",76,5249.6149999788,8,"magnitude",9,73,722.060000058264,"Yes","Somewhat.","I liked the decks with the progress bar.","Yes. There were definite patterns in most of the decks.","Yes, the decks that alternated colors were the most difficult for me,",3,7,9,1,2,6,3,3,0,0,0,3,0,2,0,4,4,0,3,4,4,0,1,3,0,0,0,2,0,0,0,2,0,0,2,0,0,0,0,2,0,0,0,0,1,0,3,0,0,1,0,1134775
"441","wtnE5ZvR2SAyQFs",52,"Female","1",10,"deck4","deck2","P-NP",76,5249.6149999788,9,"magnitude",1,69,899.024999933317,"Yes","Somewhat.","I liked the decks with the progress bar.","Yes. There were definite patterns in most of the decks.","Yes, the decks that alternated colors were the most difficult for me,",3,7,9,1,2,6,3,3,0,0,0,3,0,2,0,4,4,0,3,4,4,0,1,3,0,0,0,2,0,0,0,2,0,0,2,0,0,0,0,2,0,0,0,0,1,0,3,0,0,1,0,1136175
"442","wtnE5ZvR2SAyQFs",52,"Female","1",10,"deck4","deck2","P-NP",76,5249.6149999788,10,"magnitude",9,73,593.570000026375,"Yes","Somewhat.","I liked the decks with the progress bar.","Yes. There were definite patterns in most of the decks.","Yes, the decks that alternated colors were the most difficult for me,",3,7,9,1,2,6,3,3,0,0,0,3,0,2,0,4,4,0,3,4,4,0,1,3,0,0,0,2,0,0,0,2,0,0,2,0,0,0,0,2,0,0,0,0,1,0,3,0,0,1,0,1137271
"443","wtnE5ZvR2SAyQFs",52,"Female","1",10,"deck4","deck2","P-NP",76,5249.6149999788,11,"magnitude",4,69,682.109999936074,"Yes","Somewhat.","I liked the decks with the progress bar.","Yes. There were definite patterns in most of the decks.","Yes, the decks that alternated colors were the most difficult for me,",3,7,9,1,2,6,3,3,0,0,0,3,0,2,0,4,4,0,3,4,4,0,1,3,0,0,0,2,0,0,0,2,0,0,2,0,0,0,0,2,0,0,0,0,1,0,3,0,0,1,0,1138455
"444","wtnE5ZvR2SAyQFs",52,"Female","1",10,"deck4","deck2","P-NP",76,5249.6149999788,12,"magnitude",4,69,698.830000008456,"Yes","Somewhat.","I liked the decks with the progress bar.","Yes. There were definite patterns in most of the decks.","Yes, the decks that alternated colors were the most difficult for me,",3,7,9,1,2,6,3,3,0,0,0,3,0,2,0,4,4,0,3,4,4,0,1,3,0,0,0,2,0,0,0,2,0,0,2,0,0,0,0,2,0,0,0,0,1,0,3,0,0,1,0,1139655
"445","wtnE5ZvR2SAyQFs",52,"Female","1",10,"deck4","deck2","P-NP",76,5249.6149999788,13,"magnitude",8,73,1442.09999998566,"Yes","Somewhat.","I liked the decks with the progress bar.","Yes. There were definite patterns in most of the decks.","Yes, the decks that alternated colors were the most difficult for me,",3,7,9,1,2,6,3,3,0,0,0,3,0,2,0,4,4,0,3,4,4,0,1,3,0,0,0,2,0,0,0,2,0,0,2,0,0,0,0,2,0,0,0,0,1,0,3,0,0,1,0,1141599
"446","wtnE5ZvR2SAyQFs",52,"Female","1",10,"deck4","deck2","P-NP",76,5249.6149999788,14,"magnitude",3,69,1209.03499994893,"Yes","Somewhat.","I liked the decks with the progress bar.","Yes. There were definite patterns in most of the decks.","Yes, the decks that alternated colors were the most difficult for me,",3,7,9,1,2,6,3,3,0,0,0,3,0,2,0,4,4,0,3,4,4,0,1,3,0,0,0,2,0,0,0,2,0,0,2,0,0,0,0,2,0,0,0,0,1,0,3,0,0,1,0,1143311
"447","wtnE5ZvR2SAyQFs",52,"Female","1",10,"deck4","deck2","P-NP",76,5249.6149999788,15,"magnitude",4,69,632.385000004433,"Yes","Somewhat.","I liked the decks with the progress bar.","Yes. There were definite patterns in most of the decks.","Yes, the decks that alternated colors were the most difficult for me,",3,7,9,1,2,6,3,3,0,0,0,3,0,2,0,4,4,0,3,4,4,0,1,3,0,0,0,2,0,0,0,2,0,0,2,0,0,0,0,2,0,0,0,0,1,0,3,0,0,1,0,1144447
"448","wtnE5ZvR2SAyQFs",52,"Female","1",10,"deck4","deck2","P-NP",76,5249.6149999788,16,"parity",8,69,770.360000082292,"Yes","Somewhat.","I liked the decks with the progress bar.","Yes. There were definite patterns in most of the decks.","Yes, the decks that alternated colors were the most difficult for me,",3,7,9,1,2,6,3,3,0,0,0,3,0,2,0,4,4,0,3,4,4,0,1,3,0,0,0,2,0,0,0,2,0,0,2,0,0,0,0,2,0,0,0,0,1,0,3,0,0,1,0,1145719
"449","wtnE5ZvR2SAyQFs",52,"Female","1",11,"deck3","deck1","NP-NP",82,3569.13999991957,1,"magnitude",7,73,1987.46500001289,"Yes","Somewhat.","I liked the decks with the progress bar.","Yes. There were definite patterns in most of the decks.","Yes, the decks that alternated colors were the most difficult for me,",3,7,9,1,2,6,3,3,0,0,0,3,0,2,0,4,4,0,3,4,4,0,1,3,0,0,0,2,0,0,0,2,0,0,2,0,0,0,0,2,0,0,0,0,1,0,3,0,0,1,0,1152783
"450","wtnE5ZvR2SAyQFs",52,"Female","1",11,"deck3","deck1","NP-NP",82,3569.13999991957,2,"magnitude",4,69,1145.58500004932,"Yes","Somewhat.","I liked the decks with the progress bar.","Yes. There were definite patterns in most of the decks.","Yes, the decks that alternated colors were the most difficult for me,",3,7,9,1,2,6,3,3,0,0,0,3,0,2,0,4,4,0,3,4,4,0,1,3,0,0,0,2,0,0,0,2,0,0,2,0,0,0,0,2,0,0,0,0,1,0,3,0,0,1,0,1154430
"451","wtnE5ZvR2SAyQFs",52,"Female","1",11,"deck3","deck1","NP-NP",82,3569.13999991957,3,"magnitude",2,69,754.350000061095,"Yes","Somewhat.","I liked the decks with the progress bar.","Yes. There were definite patterns in most of the decks.","Yes, the decks that alternated colors were the most difficult for me,",3,7,9,1,2,6,3,3,0,0,0,3,0,2,0,4,4,0,3,4,4,0,1,3,0,0,0,2,0,0,0,2,0,0,2,0,0,0,0,2,0,0,0,0,1,0,3,0,0,1,0,1155686
"452","wtnE5ZvR2SAyQFs",52,"Female","1",11,"deck3","deck1","NP-NP",82,3569.13999991957,4,"magnitude",2,69,714.370000059716,"Yes","Somewhat.","I liked the decks with the progress bar.","Yes. There were definite patterns in most of the decks.","Yes, the decks that alternated colors were the most difficult for me,",3,7,9,1,2,6,3,3,0,0,0,3,0,2,0,4,4,0,3,4,4,0,1,3,0,0,0,2,0,0,0,2,0,0,2,0,0,0,0,2,0,0,0,0,1,0,3,0,0,1,0,1156902
"453","wtnE5ZvR2SAyQFs",52,"Female","1",11,"deck3","deck1","NP-NP",82,3569.13999991957,5,"magnitude",2,69,690.384999965318,"Yes","Somewhat.","I liked the decks with the progress bar.","Yes. There were definite patterns in most of the decks.","Yes, the decks that alternated colors were the most difficult for me,",3,7,9,1,2,6,3,3,0,0,0,3,0,2,0,4,4,0,3,4,4,0,1,3,0,0,0,2,0,0,0,2,0,0,2,0,0,0,0,2,0,0,0,0,1,0,3,0,0,1,0,1158095
"454","wtnE5ZvR2SAyQFs",52,"Female","1",11,"deck3","deck1","NP-NP",82,3569.13999991957,6,"magnitude",2,69,658.885000040755,"Yes","Somewhat.","I liked the decks with the progress bar.","Yes. There were definite patterns in most of the decks.","Yes, the decks that alternated colors were the most difficult for me,",3,7,9,1,2,6,3,3,0,0,0,3,0,2,0,4,4,0,3,4,4,0,1,3,0,0,0,2,0,0,0,2,0,0,2,0,0,0,0,2,0,0,0,0,1,0,3,0,0,1,0,1159256
"455","wtnE5ZvR2SAyQFs",52,"Female","1",11,"deck3","deck1","NP-NP",82,3569.13999991957,7,"magnitude",1,69,729.545000009239,"Yes","Somewhat.","I liked the decks with the progress bar.","Yes. There were definite patterns in most of the decks.","Yes, the decks that alternated colors were the most difficult for me,",3,7,9,1,2,6,3,3,0,0,0,3,0,2,0,4,4,0,3,4,4,0,1,3,0,0,0,2,0,0,0,2,0,0,2,0,0,0,0,2,0,0,0,0,1,0,3,0,0,1,0,1160487
"456","wtnE5ZvR2SAyQFs",52,"Female","1",11,"deck3","deck1","NP-NP",82,3569.13999991957,8,"magnitude",8,73,650.150000001304,"Yes","Somewhat.","I liked the decks with the progress bar.","Yes. There were definite patterns in most of the decks.","Yes, the decks that alternated colors were the most difficult for me,",3,7,9,1,2,6,3,3,0,0,0,3,0,2,0,4,4,0,3,4,4,0,1,3,0,0,0,2,0,0,0,2,0,0,2,0,0,0,0,2,0,0,0,0,1,0,3,0,0,1,0,1161638
"457","wtnE5ZvR2SAyQFs",52,"Female","1",11,"deck3","deck1","NP-NP",82,3569.13999991957,9,"parity",7,73,1017.86500005983,"Yes","Somewhat.","I liked the decks with the progress bar.","Yes. There were definite patterns in most of the decks.","Yes, the decks that alternated colors were the most difficult for me,",3,7,9,1,2,6,3,3,0,0,0,3,0,2,0,4,4,0,3,4,4,0,1,3,0,0,0,2,0,0,0,2,0,0,2,0,0,0,0,2,0,0,0,0,1,0,3,0,0,1,0,1163158
"458","wtnE5ZvR2SAyQFs",52,"Female","1",11,"deck3","deck1","NP-NP",82,3569.13999991957,10,"parity",4,69,586.780000012368,"Yes","Somewhat.","I liked the decks with the progress bar.","Yes. There were definite patterns in most of the decks.","Yes, the decks that alternated colors were the most difficult for me,",3,7,9,1,2,6,3,3,0,0,0,3,0,2,0,4,4,0,3,4,4,0,1,3,0,0,0,2,0,0,0,2,0,0,2,0,0,0,0,2,0,0,0,0,1,0,3,0,0,1,0,1164246
"459","wtnE5ZvR2SAyQFs",52,"Female","1",11,"deck3","deck1","NP-NP",82,3569.13999991957,11,"parity",7,73,554.829999920912,"Yes","Somewhat.","I liked the decks with the progress bar.","Yes. There were definite patterns in most of the decks.","Yes, the decks that alternated colors were the most difficult for me,",3,7,9,1,2,6,3,3,0,0,0,3,0,2,0,4,4,0,3,4,4,0,1,3,0,0,0,2,0,0,0,2,0,0,2,0,0,0,0,2,0,0,0,0,1,0,3,0,0,1,0,1165302
"460","wtnE5ZvR2SAyQFs",52,"Female","1",11,"deck3","deck1","NP-NP",82,3569.13999991957,12,"parity",6,69,842.10999996867,"Yes","Somewhat.","I liked the decks with the progress bar.","Yes. There were definite patterns in most of the decks.","Yes, the decks that alternated colors were the most difficult for me,",3,7,9,1,2,6,3,3,0,0,0,3,0,2,0,4,4,0,3,4,4,0,1,3,0,0,0,2,0,0,0,2,0,0,2,0,0,0,0,2,0,0,0,0,1,0,3,0,0,1,0,1166646
"461","wtnE5ZvR2SAyQFs",52,"Female","1",11,"deck3","deck1","NP-NP",82,3569.13999991957,13,"magnitude",4,69,832.980000064708,"Yes","Somewhat.","I liked the decks with the progress bar.","Yes. There were definite patterns in most of the decks.","Yes, the decks that alternated colors were the most difficult for me,",3,7,9,1,2,6,3,3,0,0,0,3,0,2,0,4,4,0,3,4,4,0,1,3,0,0,0,2,0,0,0,2,0,0,2,0,0,0,0,2,0,0,0,0,1,0,3,0,0,1,0,1167982
"462","wtnE5ZvR2SAyQFs",52,"Female","1",11,"deck3","deck1","NP-NP",82,3569.13999991957,14,"magnitude",9,73,626.294999965467,"Yes","Somewhat.","I liked the decks with the progress bar.","Yes. There were definite patterns in most of the decks.","Yes, the decks that alternated colors were the most difficult for me,",3,7,9,1,2,6,3,3,0,0,0,3,0,2,0,4,4,0,3,4,4,0,1,3,0,0,0,2,0,0,0,2,0,0,2,0,0,0,0,2,0,0,0,0,1,0,3,0,0,1,0,1169110
"463","wtnE5ZvR2SAyQFs",52,"Female","1",11,"deck3","deck1","NP-NP",82,3569.13999991957,15,"magnitude",6,69,962.545000016689,"Yes","Somewhat.","I liked the decks with the progress bar.","Yes. There were definite patterns in most of the decks.","Yes, the decks that alternated colors were the most difficult for me,",3,7,9,1,2,6,3,3,0,0,0,3,0,2,0,4,4,0,3,4,4,0,1,3,0,0,0,2,0,0,0,2,0,0,2,0,0,0,0,2,0,0,0,0,1,0,3,0,0,1,0,1170574
"464","wtnE5ZvR2SAyQFs",52,"Female","1",11,"deck3","deck1","NP-NP",82,3569.13999991957,16,"magnitude",4,69,1242.49999993481,"Yes","Somewhat.","I liked the decks with the progress bar.","Yes. There were definite patterns in most of the decks.","Yes, the decks that alternated colors were the most difficult for me,",3,7,9,1,2,6,3,3,0,0,0,3,0,2,0,4,4,0,3,4,4,0,1,3,0,0,0,2,0,0,0,2,0,0,2,0,0,0,0,2,0,0,0,0,1,0,3,0,0,1,0,1172318
"465","wtnE5ZvR2SAyQFs",52,"Female","1",12,"deck4","deck5","P-P",82,2521.79500006605,1,"magnitude",4,69,1354.65500003193,"Yes","Somewhat.","I liked the decks with the progress bar.","Yes. There were definite patterns in most of the decks.","Yes, the decks that alternated colors were the most difficult for me,",3,7,9,1,2,6,3,3,0,0,0,3,0,2,0,4,4,0,3,4,4,0,1,3,0,0,0,2,0,0,0,2,0,0,2,0,0,0,0,2,0,0,0,0,1,0,3,0,0,1,0,1177702
"466","wtnE5ZvR2SAyQFs",52,"Female","1",12,"deck4","deck5","P-P",82,2521.79500006605,2,"parity",9,73,1890.56500000879,"Yes","Somewhat.","I liked the decks with the progress bar.","Yes. There were definite patterns in most of the decks.","Yes, the decks that alternated colors were the most difficult for me,",3,7,9,1,2,6,3,3,0,0,0,3,0,2,0,4,4,0,3,4,4,0,1,3,0,0,0,2,0,0,0,2,0,0,2,0,0,0,0,2,0,0,0,0,1,0,3,0,0,1,0,1180094
"467","wtnE5ZvR2SAyQFs",52,"Female","1",12,"deck4","deck5","P-P",82,2521.79500006605,3,"magnitude",3,69,914.040000061505,"Yes","Somewhat.","I liked the decks with the progress bar.","Yes. There were definite patterns in most of the decks.","Yes, the decks that alternated colors were the most difficult for me,",3,7,9,1,2,6,3,3,0,0,0,3,0,2,0,4,4,0,3,4,4,0,1,3,0,0,0,2,0,0,0,2,0,0,2,0,0,0,0,2,0,0,0,0,1,0,3,0,0,1,0,1181510
"468","wtnE5ZvR2SAyQFs",52,"Female","1",12,"deck4","deck5","P-P",82,2521.79500006605,4,"magnitude",7,73,559.744999976829,"Yes","Somewhat.","I liked the decks with the progress bar.","Yes. There were definite patterns in most of the decks.","Yes, the decks that alternated colors were the most difficult for me,",3,7,9,1,2,6,3,3,0,0,0,3,0,2,0,4,4,0,3,4,4,0,1,3,0,0,0,2,0,0,0,2,0,0,2,0,0,0,0,2,0,0,0,0,1,0,3,0,0,1,0,1182574
"469","wtnE5ZvR2SAyQFs",52,"Female","1",12,"deck4","deck5","P-P",82,2521.79500006605,5,"parity",4,69,866.590000106953,"Yes","Somewhat.","I liked the decks with the progress bar.","Yes. There were definite patterns in most of the decks.","Yes, the decks that alternated colors were the most difficult for me,",3,7,9,1,2,6,3,3,0,0,0,3,0,2,0,4,4,0,3,4,4,0,1,3,0,0,0,2,0,0,0,2,0,0,2,0,0,0,0,2,0,0,0,0,1,0,3,0,0,1,0,1183942
"470","wtnE5ZvR2SAyQFs",52,"Female","1",12,"deck4","deck5","P-P",82,2521.79500006605,6,"parity",9,73,594.969999976456,"Yes","Somewhat.","I liked the decks with the progress bar.","Yes. There were definite patterns in most of the decks.","Yes, the decks that alternated colors were the most difficult for me,",3,7,9,1,2,6,3,3,0,0,0,3,0,2,0,4,4,0,3,4,4,0,1,3,0,0,0,2,0,0,0,2,0,0,2,0,0,0,0,2,0,0,0,0,1,0,3,0,0,1,0,1185039
"471","wtnE5ZvR2SAyQFs",52,"Female","1",12,"deck4","deck5","P-P",82,2521.79500006605,7,"magnitude",8,73,857.689999975264,"Yes","Somewhat.","I liked the decks with the progress bar.","Yes. There were definite patterns in most of the decks.","Yes, the decks that alternated colors were the most difficult for me,",3,7,9,1,2,6,3,3,0,0,0,3,0,2,0,4,4,0,3,4,4,0,1,3,0,0,0,2,0,0,0,2,0,0,2,0,0,0,0,2,0,0,0,0,1,0,3,0,0,1,0,1186398
"472","wtnE5ZvR2SAyQFs",52,"Female","1",12,"deck4","deck5","P-P",82,2521.79500006605,8,"magnitude",9,73,890.585000044666,"Yes","Somewhat.","I liked the decks with the progress bar.","Yes. There were definite patterns in most of the decks.","Yes, the decks that alternated colors were the most difficult for me,",3,7,9,1,2,6,3,3,0,0,0,3,0,2,0,4,4,0,3,4,4,0,1,3,0,0,0,2,0,0,0,2,0,0,2,0,0,0,0,2,0,0,0,0,1,0,3,0,0,1,0,1187790
"473","wtnE5ZvR2SAyQFs",52,"Female","1",12,"deck4","deck5","P-P",82,2521.79500006605,9,"magnitude",4,69,697.669999906793,"Yes","Somewhat.","I liked the decks with the progress bar.","Yes. There were definite patterns in most of the decks.","Yes, the decks that alternated colors were the most difficult for me,",3,7,9,1,2,6,3,3,0,0,0,3,0,2,0,4,4,0,3,4,4,0,1,3,0,0,0,2,0,0,0,2,0,0,2,0,0,0,0,2,0,0,0,0,1,0,3,0,0,1,0,1188990
"474","wtnE5ZvR2SAyQFs",52,"Female","1",12,"deck4","deck5","P-P",82,2521.79500006605,10,"parity",7,73,1001.20499997865,"Yes","Somewhat.","I liked the decks with the progress bar.","Yes. There were definite patterns in most of the decks.","Yes, the decks that alternated colors were the most difficult for me,",3,7,9,1,2,6,3,3,0,0,0,3,0,2,0,4,4,0,3,4,4,0,1,3,0,0,0,2,0,0,0,2,0,0,2,0,0,0,0,2,0,0,0,0,1,0,3,0,0,1,0,1190494
"475","wtnE5ZvR2SAyQFs",52,"Female","1",12,"deck4","deck5","P-P",82,2521.79500006605,11,"magnitude",1,69,914.09500001464,"Yes","Somewhat.","I liked the decks with the progress bar.","Yes. There were definite patterns in most of the decks.","Yes, the decks that alternated colors were the most difficult for me,",3,7,9,1,2,6,3,3,0,0,0,3,0,2,0,4,4,0,3,4,4,0,1,3,0,0,0,2,0,0,0,2,0,0,2,0,0,0,0,2,0,0,0,0,1,0,3,0,0,1,0,1191910
"476","wtnE5ZvR2SAyQFs",52,"Female","1",12,"deck4","deck5","P-P",82,2521.79500006605,12,"magnitude",2,69,713.830000022426,"Yes","Somewhat.","I liked the decks with the progress bar.","Yes. There were definite patterns in most of the decks.","Yes, the decks that alternated colors were the most difficult for me,",3,7,9,1,2,6,3,3,0,0,0,3,0,2,0,4,4,0,3,4,4,0,1,3,0,0,0,2,0,0,0,2,0,0,2,0,0,0,0,2,0,0,0,0,1,0,3,0,0,1,0,1193126
"477","wtnE5ZvR2SAyQFs",52,"Female","1",12,"deck4","deck5","P-P",82,2521.79500006605,13,"parity",3,73,571.715000085533,"Yes","Somewhat.","I liked the decks with the progress bar.","Yes. There were definite patterns in most of the decks.","Yes, the decks that alternated colors were the most difficult for me,",3,7,9,1,2,6,3,3,0,0,0,3,0,2,0,4,4,0,3,4,4,0,1,3,0,0,0,2,0,0,0,2,0,0,2,0,0,0,0,2,0,0,0,0,1,0,3,0,0,1,0,1194200
"478","wtnE5ZvR2SAyQFs",52,"Female","1",12,"deck4","deck5","P-P",82,2521.79500006605,14,"magnitude",2,69,952.064999961294,"Yes","Somewhat.","I liked the decks with the progress bar.","Yes. There were definite patterns in most of the decks.","Yes, the decks that alternated colors were the most difficult for me,",3,7,9,1,2,6,3,3,0,0,0,3,0,2,0,4,4,0,3,4,4,0,1,3,0,0,0,2,0,0,0,2,0,0,2,0,0,0,0,2,0,0,0,0,1,0,3,0,0,1,0,1195654
"479","wtnE5ZvR2SAyQFs",52,"Female","1",12,"deck4","deck5","P-P",82,2521.79500006605,15,"magnitude",6,73,898.550000041723,"Yes","Somewhat.","I liked the decks with the progress bar.","Yes. There were definite patterns in most of the decks.","Yes, the decks that alternated colors were the most difficult for me,",3,7,9,1,2,6,3,3,0,0,0,3,0,2,0,4,4,0,3,4,4,0,1,3,0,0,0,2,0,0,0,2,0,0,2,0,0,0,0,2,0,0,0,0,1,0,3,0,0,1,0,1197054
"480","wtnE5ZvR2SAyQFs",52,"Female","1",12,"deck4","deck5","P-P",82,2521.79500006605,16,"magnitude",9,73,634.519999963231,"Yes","Somewhat.","I liked the decks with the progress bar.","Yes. There were definite patterns in most of the decks.","Yes, the decks that alternated colors were the most difficult for me,",3,7,9,1,2,6,3,3,0,0,0,3,0,2,0,4,4,0,3,4,4,0,1,3,0,0,0,2,0,0,0,2,0,0,2,0,0,0,0,2,0,0,0,0,1,0,3,0,0,1,0,1198190
"481","wtnE5ZvR2SAyQFs",52,"Female","1",13,"deck2","deck4","P-NP",82,3472.38499997184,1,"magnitude",4,69,1209.96000000741,"Yes","Somewhat.","I liked the decks with the progress bar.","Yes. There were definite patterns in most of the decks.","Yes, the decks that alternated colors were the most difficult for me,",3,7,9,1,2,6,3,3,0,0,0,3,0,2,0,4,4,0,3,4,4,0,1,3,0,0,0,2,0,0,0,2,0,0,2,0,0,0,0,2,0,0,0,0,1,0,3,0,0,1,0,1204382
"482","wtnE5ZvR2SAyQFs",52,"Female","1",13,"deck2","deck4","P-NP",82,3472.38499997184,2,"magnitude",1,69,730.66999996081,"Yes","Somewhat.","I liked the decks with the progress bar.","Yes. There were definite patterns in most of the decks.","Yes, the decks that alternated colors were the most difficult for me,",3,7,9,1,2,6,3,3,0,0,0,3,0,2,0,4,4,0,3,4,4,0,1,3,0,0,0,2,0,0,0,2,0,0,2,0,0,0,0,2,0,0,0,0,1,0,3,0,0,1,0,1205614
"483","wtnE5ZvR2SAyQFs",52,"Female","1",13,"deck2","deck4","P-NP",82,3472.38499997184,3,"magnitude",2,69,681.424999958836,"Yes","Somewhat.","I liked the decks with the progress bar.","Yes. There were definite patterns in most of the decks.","Yes, the decks that alternated colors were the most difficult for me,",3,7,9,1,2,6,3,3,0,0,0,3,0,2,0,4,4,0,3,4,4,0,1,3,0,0,0,2,0,0,0,2,0,0,2,0,0,0,0,2,0,0,0,0,1,0,3,0,0,1,0,1206798
"484","wtnE5ZvR2SAyQFs",52,"Female","1",13,"deck2","deck4","P-NP",82,3472.38499997184,4,"magnitude",3,69,689.590000081807,"Yes","Somewhat.","I liked the decks with the progress bar.","Yes. There were definite patterns in most of the decks.","Yes, the decks that alternated colors were the most difficult for me,",3,7,9,1,2,6,3,3,0,0,0,3,0,2,0,4,4,0,3,4,4,0,1,3,0,0,0,2,0,0,0,2,0,0,2,0,0,0,0,2,0,0,0,0,1,0,3,0,0,1,0,1207990
"485","wtnE5ZvR2SAyQFs",52,"Female","1",13,"deck2","deck4","P-NP",82,3472.38499997184,5,"magnitude",3,69,658.859999966808,"Yes","Somewhat.","I liked the decks with the progress bar.","Yes. There were definite patterns in most of the decks.","Yes, the decks that alternated colors were the most difficult for me,",3,7,9,1,2,6,3,3,0,0,0,3,0,2,0,4,4,0,3,4,4,0,1,3,0,0,0,2,0,0,0,2,0,0,2,0,0,0,0,2,0,0,0,0,1,0,3,0,0,1,0,1209150
"486","wtnE5ZvR2SAyQFs",52,"Female","1",13,"deck2","deck4","P-NP",82,3472.38499997184,6,"magnitude",6,73,602.590000024065,"Yes","Somewhat.","I liked the decks with the progress bar.","Yes. There were definite patterns in most of the decks.","Yes, the decks that alternated colors were the most difficult for me,",3,7,9,1,2,6,3,3,0,0,0,3,0,2,0,4,4,0,3,4,4,0,1,3,0,0,0,2,0,0,0,2,0,0,2,0,0,0,0,2,0,0,0,0,1,0,3,0,0,1,0,1210254
"487","wtnE5ZvR2SAyQFs",52,"Female","1",13,"deck2","deck4","P-NP",82,3472.38499997184,7,"magnitude",8,73,674.239999963902,"Yes","Somewhat.","I liked the decks with the progress bar.","Yes. There were definite patterns in most of the decks.","Yes, the decks that alternated colors were the most difficult for me,",3,7,9,1,2,6,3,3,0,0,0,3,0,2,0,4,4,0,3,4,4,0,1,3,0,0,0,2,0,0,0,2,0,0,2,0,0,0,0,2,0,0,0,0,1,0,3,0,0,1,0,1211430
"488","wtnE5ZvR2SAyQFs",52,"Female","1",13,"deck2","deck4","P-NP",82,3472.38499997184,8,"magnitude",3,69,874.900000053458,"Yes","Somewhat.","I liked the decks with the progress bar.","Yes. There were definite patterns in most of the decks.","Yes, the decks that alternated colors were the most difficult for me,",3,7,9,1,2,6,3,3,0,0,0,3,0,2,0,4,4,0,3,4,4,0,1,3,0,0,0,2,0,0,0,2,0,0,2,0,0,0,0,2,0,0,0,0,1,0,3,0,0,1,0,1212806
"489","wtnE5ZvR2SAyQFs",52,"Female","1",13,"deck2","deck4","P-NP",82,3472.38499997184,9,"magnitude",2,69,594.73499993328,"Yes","Somewhat.","I liked the decks with the progress bar.","Yes. There were definite patterns in most of the decks.","Yes, the decks that alternated colors were the most difficult for me,",3,7,9,1,2,6,3,3,0,0,0,3,0,2,0,4,4,0,3,4,4,0,1,3,0,0,0,2,0,0,0,2,0,0,2,0,0,0,0,2,0,0,0,0,1,0,3,0,0,1,0,1213902
"490","wtnE5ZvR2SAyQFs",52,"Female","1",13,"deck2","deck4","P-NP",82,3472.38499997184,10,"magnitude",2,69,641.835000016727,"Yes","Somewhat.","I liked the decks with the progress bar.","Yes. There were definite patterns in most of the decks.","Yes, the decks that alternated colors were the most difficult for me,",3,7,9,1,2,6,3,3,0,0,0,3,0,2,0,4,4,0,3,4,4,0,1,3,0,0,0,2,0,0,0,2,0,0,2,0,0,0,0,2,0,0,0,0,1,0,3,0,0,1,0,1215045
"491","wtnE5ZvR2SAyQFs",52,"Female","1",13,"deck2","deck4","P-NP",82,3472.38499997184,11,"magnitude",4,69,769.899999955669,"Yes","Somewhat.","I liked the decks with the progress bar.","Yes. There were definite patterns in most of the decks.","Yes, the decks that alternated colors were the most difficult for me,",3,7,9,1,2,6,3,3,0,0,0,3,0,2,0,4,4,0,3,4,4,0,1,3,0,0,0,2,0,0,0,2,0,0,2,0,0,0,0,2,0,0,0,0,1,0,3,0,0,1,0,1216318
"492","wtnE5ZvR2SAyQFs",52,"Female","1",13,"deck2","deck4","P-NP",82,3472.38499997184,12,"magnitude",6,73,658.485000021756,"Yes","Somewhat.","I liked the decks with the progress bar.","Yes. There were definite patterns in most of the decks.","Yes, the decks that alternated colors were the most difficult for me,",3,7,9,1,2,6,3,3,0,0,0,3,0,2,0,4,4,0,3,4,4,0,1,3,0,0,0,2,0,0,0,2,0,0,2,0,0,0,0,2,0,0,0,0,1,0,3,0,0,1,0,1217478
"493","wtnE5ZvR2SAyQFs",52,"Female","1",13,"deck2","deck4","P-NP",82,3472.38499997184,13,"magnitude",9,73,722.134999930859,"Yes","Somewhat.","I liked the decks with the progress bar.","Yes. There were definite patterns in most of the decks.","Yes, the decks that alternated colors were the most difficult for me,",3,7,9,1,2,6,3,3,0,0,0,3,0,2,0,4,4,0,3,4,4,0,1,3,0,0,0,2,0,0,0,2,0,0,2,0,0,0,0,2,0,0,0,0,1,0,3,0,0,1,0,1218702
"494","wtnE5ZvR2SAyQFs",52,"Female","1",13,"deck2","deck4","P-NP",82,3472.38499997184,14,"parity",4,69,962.055000010878,"Yes","Somewhat.","I liked the decks with the progress bar.","Yes. There were definite patterns in most of the decks.","Yes, the decks that alternated colors were the most difficult for me,",3,7,9,1,2,6,3,3,0,0,0,3,0,2,0,4,4,0,3,4,4,0,1,3,0,0,0,2,0,0,0,2,0,0,2,0,0,0,0,2,0,0,0,0,1,0,3,0,0,1,0,1220166
"495","wtnE5ZvR2SAyQFs",52,"Female","1",13,"deck2","deck4","P-NP",82,3472.38499997184,15,"parity",3,73,764.010000042617,"Yes","Somewhat.","I liked the decks with the progress bar.","Yes. There were definite patterns in most of the decks.","Yes, the decks that alternated colors were the most difficult for me,",3,7,9,1,2,6,3,3,0,0,0,3,0,2,0,4,4,0,3,4,4,0,1,3,0,0,0,2,0,0,0,2,0,0,2,0,0,0,0,2,0,0,0,0,1,0,3,0,0,1,0,1221431
"496","wtnE5ZvR2SAyQFs",52,"Female","1",13,"deck2","deck4","P-NP",82,3472.38499997184,16,"magnitude",6,73,863.735000020824,"Yes","Somewhat.","I liked the decks with the progress bar.","Yes. There were definite patterns in most of the decks.","Yes, the decks that alternated colors were the most difficult for me,",3,7,9,1,2,6,3,3,0,0,0,3,0,2,0,4,4,0,3,4,4,0,1,3,0,0,0,2,0,0,0,2,0,0,2,0,0,0,0,2,0,0,0,0,1,0,3,0,0,1,0,1222798
"497","wtnE5ZvR2SAyQFs",52,"Female","1",14,"deck5","deck4","P-P",82,1785.23499995936,1,"parity",6,69,1723.95499993581,"Yes","Somewhat.","I liked the decks with the progress bar.","Yes. There were definite patterns in most of the decks.","Yes, the decks that alternated colors were the most difficult for me,",3,7,9,1,2,6,3,3,0,0,0,3,0,2,0,4,4,0,3,4,4,0,1,3,0,0,0,2,0,0,0,2,0,0,2,0,0,0,0,2,0,0,0,0,1,0,3,0,0,1,0,1227813
"498","wtnE5ZvR2SAyQFs",52,"Female","1",14,"deck5","deck4","P-P",82,1785.23499995936,2,"parity",3,73,842.085000011139,"Yes","Somewhat.","I liked the decks with the progress bar.","Yes. There were definite patterns in most of the decks.","Yes, the decks that alternated colors were the most difficult for me,",3,7,9,1,2,6,3,3,0,0,0,3,0,2,0,4,4,0,3,4,4,0,1,3,0,0,0,2,0,0,0,2,0,0,2,0,0,0,0,2,0,0,0,0,1,0,3,0,0,1,0,1229157
"499","wtnE5ZvR2SAyQFs",52,"Female","1",14,"deck5","deck4","P-P",82,1785.23499995936,3,"magnitude",6,73,826.95000001695,"Yes","Somewhat.","I liked the decks with the progress bar.","Yes. There were definite patterns in most of the decks.","Yes, the decks that alternated colors were the most difficult for me,",3,7,9,1,2,6,3,3,0,0,0,3,0,2,0,4,4,0,3,4,4,0,1,3,0,0,0,2,0,0,0,2,0,0,2,0,0,0,0,2,0,0,0,0,1,0,3,0,0,1,0,1230487
"500","wtnE5ZvR2SAyQFs",52,"Female","1",14,"deck5","deck4","P-P",82,1785.23499995936,4,"magnitude",8,73,832.500000018626,"Yes","Somewhat.","I liked the decks with the progress bar.","Yes. There were definite patterns in most of the decks.","Yes, the decks that alternated colors were the most difficult for me,",3,7,9,1,2,6,3,3,0,0,0,3,0,2,0,4,4,0,3,4,4,0,1,3,0,0,0,2,0,0,0,2,0,0,2,0,0,0,0,2,0,0,0,0,1,0,3,0,0,1,0,1231821
"501","wtnE5ZvR2SAyQFs",52,"Female","1",14,"deck5","deck4","P-P",82,1785.23499995936,5,"magnitude",2,69,681.960000074469,"Yes","Somewhat.","I liked the decks with the progress bar.","Yes. There were definite patterns in most of the decks.","Yes, the decks that alternated colors were the most difficult for me,",3,7,9,1,2,6,3,3,0,0,0,3,0,2,0,4,4,0,3,4,4,0,1,3,0,0,0,2,0,0,0,2,0,0,2,0,0,0,0,2,0,0,0,0,1,0,3,0,0,1,0,1233005
"502","wtnE5ZvR2SAyQFs",52,"Female","1",14,"deck5","deck4","P-P",82,1785.23499995936,6,"parity",6,69,946.685000089929,"Yes","Somewhat.","I liked the decks with the progress bar.","Yes. There were definite patterns in most of the decks.","Yes, the decks that alternated colors were the most difficult for me,",3,7,9,1,2,6,3,3,0,0,0,3,0,2,0,4,4,0,3,4,4,0,1,3,0,0,0,2,0,0,0,2,0,0,2,0,0,0,0,2,0,0,0,0,1,0,3,0,0,1,0,1234453
"503","wtnE5ZvR2SAyQFs",52,"Female","1",14,"deck5","deck4","P-P",82,1785.23499995936,7,"parity",7,73,1554.55999996047,"Yes","Somewhat.","I liked the decks with the progress bar.","Yes. There were definite patterns in most of the decks.","Yes, the decks that alternated colors were the most difficult for me,",3,7,9,1,2,6,3,3,0,0,0,3,0,2,0,4,4,0,3,4,4,0,1,3,0,0,0,2,0,0,0,2,0,0,2,0,0,0,0,2,0,0,0,0,1,0,3,0,0,1,0,1236509
"504","wtnE5ZvR2SAyQFs",52,"Female","1",14,"deck5","deck4","P-P",82,1785.23499995936,8,"parity",6,69,706.850000075065,"Yes","Somewhat.","I liked the decks with the progress bar.","Yes. There were definite patterns in most of the decks.","Yes, the decks that alternated colors were the most difficult for me,",3,7,9,1,2,6,3,3,0,0,0,3,0,2,0,4,4,0,3,4,4,0,1,3,0,0,0,2,0,0,0,2,0,0,2,0,0,0,0,2,0,0,0,0,1,0,3,0,0,1,0,1237717
"505","wtnE5ZvR2SAyQFs",52,"Female","1",14,"deck5","deck4","P-P",82,1785.23499995936,9,"parity",4,69,659.50999991037,"Yes","Somewhat.","I liked the decks with the progress bar.","Yes. There were definite patterns in most of the decks.","Yes, the decks that alternated colors were the most difficult for me,",3,7,9,1,2,6,3,3,0,0,0,3,0,2,0,4,4,0,3,4,4,0,1,3,0,0,0,2,0,0,0,2,0,0,2,0,0,0,0,2,0,0,0,0,1,0,3,0,0,1,0,1238879
"506","wtnE5ZvR2SAyQFs",52,"Female","1",14,"deck5","deck4","P-P",82,1785.23499995936,10,"parity",7,73,633.219999959692,"Yes","Somewhat.","I liked the decks with the progress bar.","Yes. There were definite patterns in most of the decks.","Yes, the decks that alternated colors were the most difficult for me,",3,7,9,1,2,6,3,3,0,0,0,3,0,2,0,4,4,0,3,4,4,0,1,3,0,0,0,2,0,0,0,2,0,0,2,0,0,0,0,2,0,0,0,0,1,0,3,0,0,1,0,1240014
"507","wtnE5ZvR2SAyQFs",52,"Female","1",14,"deck5","deck4","P-P",82,1785.23499995936,11,"parity",8,73,690.509999985807,"Yes","Somewhat.","I liked the decks with the progress bar.","Yes. There were definite patterns in most of the decks.","Yes, the decks that alternated colors were the most difficult for me,",3,7,9,1,2,6,3,3,0,0,0,3,0,2,0,4,4,0,3,4,4,0,1,3,0,0,0,2,0,0,0,2,0,0,2,0,0,0,0,2,0,0,0,0,1,0,3,0,0,1,0,1241205
"508","wtnE5ZvR2SAyQFs",52,"Female","1",14,"deck5","deck4","P-P",82,1785.23499995936,12,"parity",6,69,1450.79999999143,"Yes","Somewhat.","I liked the decks with the progress bar.","Yes. There were definite patterns in most of the decks.","Yes, the decks that alternated colors were the most difficult for me,",3,7,9,1,2,6,3,3,0,0,0,3,0,2,0,4,4,0,3,4,4,0,1,3,0,0,0,2,0,0,0,2,0,0,2,0,0,0,0,2,0,0,0,0,1,0,3,0,0,1,0,1243157
"509","wtnE5ZvR2SAyQFs",52,"Female","1",14,"deck5","deck4","P-P",82,1785.23499995936,13,"parity",9,73,721.920000039972,"Yes","Somewhat.","I liked the decks with the progress bar.","Yes. There were definite patterns in most of the decks.","Yes, the decks that alternated colors were the most difficult for me,",3,7,9,1,2,6,3,3,0,0,0,3,0,2,0,4,4,0,3,4,4,0,1,3,0,0,0,2,0,0,0,2,0,0,2,0,0,0,0,2,0,0,0,0,1,0,3,0,0,1,0,1244381
"510","wtnE5ZvR2SAyQFs",52,"Female","1",14,"deck5","deck4","P-P",82,1785.23499995936,14,"parity",2,69,1218.75499992166,"Yes","Somewhat.","I liked the decks with the progress bar.","Yes. There were definite patterns in most of the decks.","Yes, the decks that alternated colors were the most difficult for me,",3,7,9,1,2,6,3,3,0,0,0,3,0,2,0,4,4,0,3,4,4,0,1,3,0,0,0,2,0,0,0,2,0,0,2,0,0,0,0,2,0,0,0,0,1,0,3,0,0,1,0,1246101
"511","wtnE5ZvR2SAyQFs",52,"Female","1",14,"deck5","deck4","P-P",82,1785.23499995936,15,"parity",1,73,914.924999931827,"Yes","Somewhat.","I liked the decks with the progress bar.","Yes. There were definite patterns in most of the decks.","Yes, the decks that alternated colors were the most difficult for me,",3,7,9,1,2,6,3,3,0,0,0,3,0,2,0,4,4,0,3,4,4,0,1,3,0,0,0,2,0,0,0,2,0,0,2,0,0,0,0,2,0,0,0,0,1,0,3,0,0,1,0,1247517
"512","wtnE5ZvR2SAyQFs",52,"Female","1",14,"deck5","deck4","P-P",82,1785.23499995936,16,"parity",7,73,809.679999947548,"Yes","Somewhat.","I liked the decks with the progress bar.","Yes. There were definite patterns in most of the decks.","Yes, the decks that alternated colors were the most difficult for me,",3,7,9,1,2,6,3,3,0,0,0,3,0,2,0,4,4,0,3,4,4,0,1,3,0,0,0,2,0,0,0,2,0,0,2,0,0,0,0,2,0,0,0,0,1,0,3,0,0,1,0,1248829
"513","wtnE5ZvR2SAyQFs",52,"Female","1",15,"deck1","deck6","P-NP",76,5344.76999996696,1,"magnitude",3,69,1186.699999962,"Yes","Somewhat.","I liked the decks with the progress bar.","Yes. There were definite patterns in most of the decks.","Yes, the decks that alternated colors were the most difficult for me,",3,7,9,1,2,6,3,3,0,0,0,3,0,2,0,4,4,0,3,4,4,0,1,3,0,0,0,2,0,0,0,2,0,0,2,0,0,0,0,2,0,0,0,0,1,0,3,0,0,1,0,1256869
"514","wtnE5ZvR2SAyQFs",52,"Female","1",15,"deck1","deck6","P-NP",76,5344.76999996696,2,"magnitude",3,69,610.630000010133,"Yes","Somewhat.","I liked the decks with the progress bar.","Yes. There were definite patterns in most of the decks.","Yes, the decks that alternated colors were the most difficult for me,",3,7,9,1,2,6,3,3,0,0,0,3,0,2,0,4,4,0,3,4,4,0,1,3,0,0,0,2,0,0,0,2,0,0,2,0,0,0,0,2,0,0,0,0,1,0,3,0,0,1,0,1257981
"515","wtnE5ZvR2SAyQFs",52,"Female","1",15,"deck1","deck6","P-NP",76,5344.76999996696,3,"magnitude",7,73,832.969999988563,"Yes","Somewhat.","I liked the decks with the progress bar.","Yes. There were definite patterns in most of the decks.","Yes, the decks that alternated colors were the most difficult for me,",3,7,9,1,2,6,3,3,0,0,0,3,0,2,0,4,4,0,3,4,4,0,1,3,0,0,0,2,0,0,0,2,0,0,2,0,0,0,0,2,0,0,0,0,1,0,3,0,0,1,0,1259317
"516","wtnE5ZvR2SAyQFs",52,"Female","1",15,"deck1","deck6","P-NP",76,5344.76999996696,4,"magnitude",8,73,642.909999936819,"Yes","Somewhat.","I liked the decks with the progress bar.","Yes. There were definite patterns in most of the decks.","Yes, the decks that alternated colors were the most difficult for me,",3,7,9,1,2,6,3,3,0,0,0,3,0,2,0,4,4,0,3,4,4,0,1,3,0,0,0,2,0,0,0,2,0,0,2,0,0,0,0,2,0,0,0,0,1,0,3,0,0,1,0,1260461
"517","wtnE5ZvR2SAyQFs",52,"Female","1",15,"deck1","deck6","P-NP",76,5344.76999996696,5,"magnitude",8,73,674.609999987297,"Yes","Somewhat.","I liked the decks with the progress bar.","Yes. There were definite patterns in most of the decks.","Yes, the decks that alternated colors were the most difficult for me,",3,7,9,1,2,6,3,3,0,0,0,3,0,2,0,4,4,0,3,4,4,0,1,3,0,0,0,2,0,0,0,2,0,0,2,0,0,0,0,2,0,0,0,0,1,0,3,0,0,1,0,1261637
"518","wtnE5ZvR2SAyQFs",52,"Female","1",15,"deck1","deck6","P-NP",76,5344.76999996696,6,"magnitude",4,69,682.390000089072,"Yes","Somewhat.","I liked the decks with the progress bar.","Yes. There were definite patterns in most of the decks.","Yes, the decks that alternated colors were the most difficult for me,",3,7,9,1,2,6,3,3,0,0,0,3,0,2,0,4,4,0,3,4,4,0,1,3,0,0,0,2,0,0,0,2,0,0,2,0,0,0,0,2,0,0,0,0,1,0,3,0,0,1,0,1262821
"519","wtnE5ZvR2SAyQFs",52,"Female","1",15,"deck1","deck6","P-NP",76,5344.76999996696,7,"magnitude",9,73,642.059999983758,"Yes","Somewhat.","I liked the decks with the progress bar.","Yes. There were definite patterns in most of the decks.","Yes, the decks that alternated colors were the most difficult for me,",3,7,9,1,2,6,3,3,0,0,0,3,0,2,0,4,4,0,3,4,4,0,1,3,0,0,0,2,0,0,0,2,0,0,2,0,0,0,0,2,0,0,0,0,1,0,3,0,0,1,0,1263965
"520","wtnE5ZvR2SAyQFs",52,"Female","1",15,"deck1","deck6","P-NP",76,5344.76999996696,8,"magnitude",9,73,650.675000040792,"Yes","Somewhat.","I liked the decks with the progress bar.","Yes. There were definite patterns in most of the decks.","Yes, the decks that alternated colors were the most difficult for me,",3,7,9,1,2,6,3,3,0,0,0,3,0,2,0,4,4,0,3,4,4,0,1,3,0,0,0,2,0,0,0,2,0,0,2,0,0,0,0,2,0,0,0,0,1,0,3,0,0,1,0,1265117
"521","wtnE5ZvR2SAyQFs",52,"Female","1",15,"deck1","deck6","P-NP",76,5344.76999996696,9,"magnitude",7,73,1034.4000000041,"Yes","Somewhat.","I liked the decks with the progress bar.","Yes. There were definite patterns in most of the decks.","Yes, the decks that alternated colors were the most difficult for me,",3,7,9,1,2,6,3,3,0,0,0,3,0,2,0,4,4,0,3,4,4,0,1,3,0,0,0,2,0,0,0,2,0,0,2,0,0,0,0,2,0,0,0,0,1,0,3,0,0,1,0,1266653
"522","wtnE5ZvR2SAyQFs",52,"Female","1",15,"deck1","deck6","P-NP",76,5344.76999996696,10,"magnitude",3,69,618.685000110418,"Yes","Somewhat.","I liked the decks with the progress bar.","Yes. There were definite patterns in most of the decks.","Yes, the decks that alternated colors were the most difficult for me,",3,7,9,1,2,6,3,3,0,0,0,3,0,2,0,4,4,0,3,4,4,0,1,3,0,0,0,2,0,0,0,2,0,0,2,0,0,0,0,2,0,0,0,0,1,0,3,0,0,1,0,1267773
"523","wtnE5ZvR2SAyQFs",52,"Female","1",15,"deck1","deck6","P-NP",76,5344.76999996696,11,"parity",8,69,826.649999944493,"Yes","Somewhat.","I liked the decks with the progress bar.","Yes. There were definite patterns in most of the decks.","Yes, the decks that alternated colors were the most difficult for me,",3,7,9,1,2,6,3,3,0,0,0,3,0,2,0,4,4,0,3,4,4,0,1,3,0,0,0,2,0,0,0,2,0,0,2,0,0,0,0,2,0,0,0,0,1,0,3,0,0,1,0,1269101
"524","wtnE5ZvR2SAyQFs",52,"Female","1",15,"deck1","deck6","P-NP",76,5344.76999996696,12,"magnitude",7,73,890.299999970011,"Yes","Somewhat.","I liked the decks with the progress bar.","Yes. There were definite patterns in most of the decks.","Yes, the decks that alternated colors were the most difficult for me,",3,7,9,1,2,6,3,3,0,0,0,3,0,2,0,4,4,0,3,4,4,0,1,3,0,0,0,2,0,0,0,2,0,0,2,0,0,0,0,2,0,0,0,0,1,0,3,0,0,1,0,1270493
"525","wtnE5ZvR2SAyQFs",52,"Female","1",15,"deck1","deck6","P-NP",76,5344.76999996696,13,"magnitude",9,73,761.989999911748,"Yes","Somewhat.","I liked the decks with the progress bar.","Yes. There were definite patterns in most of the decks.","Yes, the decks that alternated colors were the most difficult for me,",3,7,9,1,2,6,3,3,0,0,0,3,0,2,0,4,4,0,3,4,4,0,1,3,0,0,0,2,0,0,0,2,0,0,2,0,0,0,0,2,0,0,0,0,1,0,3,0,0,1,0,1271757
"526","wtnE5ZvR2SAyQFs",52,"Female","1",15,"deck1","deck6","P-NP",76,5344.76999996696,14,"magnitude",3,69,658.055000007153,"Yes","Somewhat.","I liked the decks with the progress bar.","Yes. There were definite patterns in most of the decks.","Yes, the decks that alternated colors were the most difficult for me,",3,7,9,1,2,6,3,3,0,0,0,3,0,2,0,4,4,0,3,4,4,0,1,3,0,0,0,2,0,0,0,2,0,0,2,0,0,0,0,2,0,0,0,0,1,0,3,0,0,1,0,1272917
"527","wtnE5ZvR2SAyQFs",52,"Female","1",15,"deck1","deck6","P-NP",76,5344.76999996696,15,"magnitude",7,73,626.945000025444,"Yes","Somewhat.","I liked the decks with the progress bar.","Yes. There were definite patterns in most of the decks.","Yes, the decks that alternated colors were the most difficult for me,",3,7,9,1,2,6,3,3,0,0,0,3,0,2,0,4,4,0,3,4,4,0,1,3,0,0,0,2,0,0,0,2,0,0,2,0,0,0,0,2,0,0,0,0,1,0,3,0,0,1,0,1274045
"528","wtnE5ZvR2SAyQFs",52,"Female","1",15,"deck1","deck6","P-NP",76,5344.76999996696,16,"magnitude",8,73,907.565000001341,"Yes","Somewhat.","I liked the decks with the progress bar.","Yes. There were definite patterns in most of the decks.","Yes, the decks that alternated colors were the most difficult for me,",3,7,9,1,2,6,3,3,0,0,0,3,0,2,0,4,4,0,3,4,4,0,1,3,0,0,0,2,0,0,0,2,0,0,2,0,0,0,0,2,0,0,0,0,1,0,3,0,0,1,0,1275455
"529","wtnE5ZvR2SAyQFs",52,"Female","1",16,"deck6","deck2","P-NP",76,4303.0049999943,1,"magnitude",7,73,1722.79999998864,"Yes","Somewhat.","I liked the decks with the progress bar.","Yes. There were definite patterns in most of the decks.","Yes, the decks that alternated colors were the most difficult for me,",3,7,9,1,2,6,3,3,0,0,0,3,0,2,0,4,4,0,3,4,4,0,1,3,0,0,0,2,0,0,0,2,0,0,2,0,0,0,0,2,0,0,0,0,1,0,3,0,0,1,0,1282989
"530","wtnE5ZvR2SAyQFs",52,"Female","1",16,"deck6","deck2","P-NP",76,4303.0049999943,2,"parity",3,73,1115.82499998622,"Yes","Somewhat.","I liked the decks with the progress bar.","Yes. There were definite patterns in most of the decks.","Yes, the decks that alternated colors were the most difficult for me,",3,7,9,1,2,6,3,3,0,0,0,3,0,2,0,4,4,0,3,4,4,0,1,3,0,0,0,2,0,0,0,2,0,0,2,0,0,0,0,2,0,0,0,0,1,0,3,0,0,1,0,1284606
"531","wtnE5ZvR2SAyQFs",52,"Female","1",16,"deck6","deck2","P-NP",76,4303.0049999943,3,"magnitude",1,69,1287.97499998473,"Yes","Somewhat.","I liked the decks with the progress bar.","Yes. There were definite patterns in most of the decks.","Yes, the decks that alternated colors were the most difficult for me,",3,7,9,1,2,6,3,3,0,0,0,3,0,2,0,4,4,0,3,4,4,0,1,3,0,0,0,2,0,0,0,2,0,0,2,0,0,0,0,2,0,0,0,0,1,0,3,0,0,1,0,1286397
"532","wtnE5ZvR2SAyQFs",52,"Female","1",16,"deck6","deck2","P-NP",76,4303.0049999943,4,"parity",4,69,858.120000106283,"Yes","Somewhat.","I liked the decks with the progress bar.","Yes. There were definite patterns in most of the decks.","Yes, the decks that alternated colors were the most difficult for me,",3,7,9,1,2,6,3,3,0,0,0,3,0,2,0,4,4,0,3,4,4,0,1,3,0,0,0,2,0,0,0,2,0,0,2,0,0,0,0,2,0,0,0,0,1,0,3,0,0,1,0,1287757
"533","wtnE5ZvR2SAyQFs",52,"Female","1",16,"deck6","deck2","P-NP",76,4303.0049999943,5,"magnitude",6,73,970.719999982975,"Yes","Somewhat.","I liked the decks with the progress bar.","Yes. There were definite patterns in most of the decks.","Yes, the decks that alternated colors were the most difficult for me,",3,7,9,1,2,6,3,3,0,0,0,3,0,2,0,4,4,0,3,4,4,0,1,3,0,0,0,2,0,0,0,2,0,0,2,0,0,0,0,2,0,0,0,0,1,0,3,0,0,1,0,1289229
"534","wtnE5ZvR2SAyQFs",52,"Female","1",16,"deck6","deck2","P-NP",76,4303.0049999943,6,"parity",8,69,777.935000020079,"Yes","Somewhat.","I liked the decks with the progress bar.","Yes. There were definite patterns in most of the decks.","Yes, the decks that alternated colors were the most difficult for me,",3,7,9,1,2,6,3,3,0,0,0,3,0,2,0,4,4,0,3,4,4,0,1,3,0,0,0,2,0,0,0,2,0,0,2,0,0,0,0,2,0,0,0,0,1,0,3,0,0,1,0,1290509
"535","wtnE5ZvR2SAyQFs",52,"Female","1",16,"deck6","deck2","P-NP",76,4303.0049999943,7,"parity",6,69,802.410000003874,"Yes","Somewhat.","I liked the decks with the progress bar.","Yes. There were definite patterns in most of the decks.","Yes, the decks that alternated colors were the most difficult for me,",3,7,9,1,2,6,3,3,0,0,0,3,0,2,0,4,4,0,3,4,4,0,1,3,0,0,0,2,0,0,0,2,0,0,2,0,0,0,0,2,0,0,0,0,1,0,3,0,0,1,0,1291813
"536","wtnE5ZvR2SAyQFs",52,"Female","1",16,"deck6","deck2","P-NP",76,4303.0049999943,8,"magnitude",2,69,803.399999975227,"Yes","Somewhat.","I liked the decks with the progress bar.","Yes. There were definite patterns in most of the decks.","Yes, the decks that alternated colors were the most difficult for me,",3,7,9,1,2,6,3,3,0,0,0,3,0,2,0,4,4,0,3,4,4,0,1,3,0,0,0,2,0,0,0,2,0,0,2,0,0,0,0,2,0,0,0,0,1,0,3,0,0,1,0,1293118
"537","wtnE5ZvR2SAyQFs",52,"Female","1",16,"deck6","deck2","P-NP",76,4303.0049999943,9,"parity",4,69,872.144999913871,"Yes","Somewhat.","I liked the decks with the progress bar.","Yes. There were definite patterns in most of the decks.","Yes, the decks that alternated colors were the most difficult for me,",3,7,9,1,2,6,3,3,0,0,0,3,0,2,0,4,4,0,3,4,4,0,1,3,0,0,0,2,0,0,0,2,0,0,2,0,0,0,0,2,0,0,0,0,1,0,3,0,0,1,0,1294493
"538","wtnE5ZvR2SAyQFs",52,"Female","1",16,"deck6","deck2","P-NP",76,4303.0049999943,10,"magnitude",6,73,858.445000019856,"Yes","Somewhat.","I liked the decks with the progress bar.","Yes. There were definite patterns in most of the decks.","Yes, the decks that alternated colors were the most difficult for me,",3,7,9,1,2,6,3,3,0,0,0,3,0,2,0,4,4,0,3,4,4,0,1,3,0,0,0,2,0,0,0,2,0,0,2,0,0,0,0,2,0,0,0,0,1,0,3,0,0,1,0,1295853
"539","wtnE5ZvR2SAyQFs",52,"Female","1",16,"deck6","deck2","P-NP",76,4303.0049999943,11,"parity",1,73,1050.16999994405,"Yes","Somewhat.","I liked the decks with the progress bar.","Yes. There were definite patterns in most of the decks.","Yes, the decks that alternated colors were the most difficult for me,",3,7,9,1,2,6,3,3,0,0,0,3,0,2,0,4,4,0,3,4,4,0,1,3,0,0,0,2,0,0,0,2,0,0,2,0,0,0,0,2,0,0,0,0,1,0,3,0,0,1,0,1297405
"540","wtnE5ZvR2SAyQFs",52,"Female","1",16,"deck6","deck2","P-NP",76,4303.0049999943,12,"magnitude",1,69,794.024999951944,"Yes","Somewhat.","I liked the decks with the progress bar.","Yes. There were definite patterns in most of the decks.","Yes, the decks that alternated colors were the most difficult for me,",3,7,9,1,2,6,3,3,0,0,0,3,0,2,0,4,4,0,3,4,4,0,1,3,0,0,0,2,0,0,0,2,0,0,2,0,0,0,0,2,0,0,0,0,1,0,3,0,0,1,0,1298701
"541","wtnE5ZvR2SAyQFs",52,"Female","1",16,"deck6","deck2","P-NP",76,4303.0049999943,13,"parity",7,73,938.825000077486,"Yes","Somewhat.","I liked the decks with the progress bar.","Yes. There were definite patterns in most of the decks.","Yes, the decks that alternated colors were the most difficult for me,",3,7,9,1,2,6,3,3,0,0,0,3,0,2,0,4,4,0,3,4,4,0,1,3,0,0,0,2,0,0,0,2,0,0,2,0,0,0,0,2,0,0,0,0,1,0,3,0,0,1,0,1300141
"542","wtnE5ZvR2SAyQFs",52,"Female","1",16,"deck6","deck2","P-NP",76,4303.0049999943,14,"magnitude",2,69,738.740000058897,"Yes","Somewhat.","I liked the decks with the progress bar.","Yes. There were definite patterns in most of the decks.","Yes, the decks that alternated colors were the most difficult for me,",3,7,9,1,2,6,3,3,0,0,0,3,0,2,0,4,4,0,3,4,4,0,1,3,0,0,0,2,0,0,0,2,0,0,2,0,0,0,0,2,0,0,0,0,1,0,3,0,0,1,0,1301381
"543","wtnE5ZvR2SAyQFs",52,"Female","1",16,"deck6","deck2","P-NP",76,4303.0049999943,15,"parity",6,69,931.799999903888,"Yes","Somewhat.","I liked the decks with the progress bar.","Yes. There were definite patterns in most of the decks.","Yes, the decks that alternated colors were the most difficult for me,",3,7,9,1,2,6,3,3,0,0,0,3,0,2,0,4,4,0,3,4,4,0,1,3,0,0,0,2,0,0,0,2,0,0,2,0,0,0,0,2,0,0,0,0,1,0,3,0,0,1,0,1302814
"544","wtnE5ZvR2SAyQFs",52,"Female","1",16,"deck6","deck2","P-NP",76,4303.0049999943,16,"magnitude",4,69,873.245000024326,"Yes","Somewhat.","I liked the decks with the progress bar.","Yes. There were definite patterns in most of the decks.","Yes, the decks that alternated colors were the most difficult for me,",3,7,9,1,2,6,3,3,0,0,0,3,0,2,0,4,4,0,3,4,4,0,1,3,0,0,0,2,0,0,0,2,0,0,2,0,0,0,0,2,0,0,0,0,1,0,3,0,0,1,0,1304189
"545","wtnE5ZvR2SAyQFs",52,"Female","1",17,"deck4","deck1","P-NP",76,3160.27500003111,1,"magnitude",8,73,1892.69000000786,"Yes","Somewhat.","I liked the decks with the progress bar.","Yes. There were definite patterns in most of the decks.","Yes, the decks that alternated colors were the most difficult for me,",3,7,9,1,2,6,3,3,0,0,0,3,0,2,0,4,4,0,3,4,4,0,1,3,0,0,0,2,0,0,0,2,0,0,2,0,0,0,0,2,0,0,0,0,1,0,3,0,0,1,0,1310749
"546","wtnE5ZvR2SAyQFs",52,"Female","1",17,"deck4","deck1","P-NP",76,3160.27500003111,2,"magnitude",8,73,626.459999941289,"Yes","Somewhat.","I liked the decks with the progress bar.","Yes. There were definite patterns in most of the decks.","Yes, the decks that alternated colors were the most difficult for me,",3,7,9,1,2,6,3,3,0,0,0,3,0,2,0,4,4,0,3,4,4,0,1,3,0,0,0,2,0,0,0,2,0,0,2,0,0,0,0,2,0,0,0,0,1,0,3,0,0,1,0,1311877
"547","wtnE5ZvR2SAyQFs",52,"Female","1",17,"deck4","deck1","P-NP",76,3160.27500003111,3,"magnitude",3,69,810.50999998115,"Yes","Somewhat.","I liked the decks with the progress bar.","Yes. There were definite patterns in most of the decks.","Yes, the decks that alternated colors were the most difficult for me,",3,7,9,1,2,6,3,3,0,0,0,3,0,2,0,4,4,0,3,4,4,0,1,3,0,0,0,2,0,0,0,2,0,0,2,0,0,0,0,2,0,0,0,0,1,0,3,0,0,1,0,1313189
"548","wtnE5ZvR2SAyQFs",52,"Female","1",17,"deck4","deck1","P-NP",76,3160.27500003111,4,"magnitude",8,73,864.13999996148,"Yes","Somewhat.","I liked the decks with the progress bar.","Yes. There were definite patterns in most of the decks.","Yes, the decks that alternated colors were the most difficult for me,",3,7,9,1,2,6,3,3,0,0,0,3,0,2,0,4,4,0,3,4,4,0,1,3,0,0,0,2,0,0,0,2,0,0,2,0,0,0,0,2,0,0,0,0,1,0,3,0,0,1,0,1314557
"549","wtnE5ZvR2SAyQFs",52,"Female","1",17,"deck4","deck1","P-NP",76,3160.27500003111,5,"parity",4,69,865.955000044778,"Yes","Somewhat.","I liked the decks with the progress bar.","Yes. There were definite patterns in most of the decks.","Yes, the decks that alternated colors were the most difficult for me,",3,7,9,1,2,6,3,3,0,0,0,3,0,2,0,4,4,0,3,4,4,0,1,3,0,0,0,2,0,0,0,2,0,0,2,0,0,0,0,2,0,0,0,0,1,0,3,0,0,1,0,1315925
"550","wtnE5ZvR2SAyQFs",52,"Female","1",17,"deck4","deck1","P-NP",76,3160.27500003111,6,"magnitude",3,69,882.865000050515,"Yes","Somewhat.","I liked the decks with the progress bar.","Yes. There were definite patterns in most of the decks.","Yes, the decks that alternated colors were the most difficult for me,",3,7,9,1,2,6,3,3,0,0,0,3,0,2,0,4,4,0,3,4,4,0,1,3,0,0,0,2,0,0,0,2,0,0,2,0,0,0,0,2,0,0,0,0,1,0,3,0,0,1,0,1317309
"551","wtnE5ZvR2SAyQFs",52,"Female","1",17,"deck4","deck1","P-NP",76,3160.27500003111,7,"magnitude",8,73,1114.21500006691,"Yes","Somewhat.","I liked the decks with the progress bar.","Yes. There were definite patterns in most of the decks.","Yes, the decks that alternated colors were the most difficult for me,",3,7,9,1,2,6,3,3,0,0,0,3,0,2,0,4,4,0,3,4,4,0,1,3,0,0,0,2,0,0,0,2,0,0,2,0,0,0,0,2,0,0,0,0,1,0,3,0,0,1,0,1318925
"552","wtnE5ZvR2SAyQFs",52,"Female","1",17,"deck4","deck1","P-NP",76,3160.27500003111,8,"magnitude",3,69,771.260000066832,"Yes","Somewhat.","I liked the decks with the progress bar.","Yes. There were definite patterns in most of the decks.","Yes, the decks that alternated colors were the most difficult for me,",3,7,9,1,2,6,3,3,0,0,0,3,0,2,0,4,4,0,3,4,4,0,1,3,0,0,0,2,0,0,0,2,0,0,2,0,0,0,0,2,0,0,0,0,1,0,3,0,0,1,0,1320198
"553","wtnE5ZvR2SAyQFs",52,"Female","1",17,"deck4","deck1","P-NP",76,3160.27500003111,9,"magnitude",7,73,616.840000031516,"Yes","Somewhat.","I liked the decks with the progress bar.","Yes. There were definite patterns in most of the decks.","Yes, the decks that alternated colors were the most difficult for me,",3,7,9,1,2,6,3,3,0,0,0,3,0,2,0,4,4,0,3,4,4,0,1,3,0,0,0,2,0,0,0,2,0,0,2,0,0,0,0,2,0,0,0,0,1,0,3,0,0,1,0,1321317
"554","wtnE5ZvR2SAyQFs",52,"Female","1",17,"deck4","deck1","P-NP",76,3160.27500003111,10,"magnitude",7,73,682.205000077374,"Yes","Somewhat.","I liked the decks with the progress bar.","Yes. There were definite patterns in most of the decks.","Yes, the decks that alternated colors were the most difficult for me,",3,7,9,1,2,6,3,3,0,0,0,3,0,2,0,4,4,0,3,4,4,0,1,3,0,0,0,2,0,0,0,2,0,0,2,0,0,0,0,2,0,0,0,0,1,0,3,0,0,1,0,1322501
"555","wtnE5ZvR2SAyQFs",52,"Female","1",17,"deck4","deck1","P-NP",76,3160.27500003111,11,"magnitude",2,69,594.005000079051,"Yes","Somewhat.","I liked the decks with the progress bar.","Yes. There were definite patterns in most of the decks.","Yes, the decks that alternated colors were the most difficult for me,",3,7,9,1,2,6,3,3,0,0,0,3,0,2,0,4,4,0,3,4,4,0,1,3,0,0,0,2,0,0,0,2,0,0,2,0,0,0,0,2,0,0,0,0,1,0,3,0,0,1,0,1323597
"556","wtnE5ZvR2SAyQFs",52,"Female","1",17,"deck4","deck1","P-NP",76,3160.27500003111,12,"magnitude",7,73,722.92000008747,"Yes","Somewhat.","I liked the decks with the progress bar.","Yes. There were definite patterns in most of the decks.","Yes, the decks that alternated colors were the most difficult for me,",3,7,9,1,2,6,3,3,0,0,0,3,0,2,0,4,4,0,3,4,4,0,1,3,0,0,0,2,0,0,0,2,0,0,2,0,0,0,0,2,0,0,0,0,1,0,3,0,0,1,0,1324821
"557","wtnE5ZvR2SAyQFs",52,"Female","1",17,"deck4","deck1","P-NP",76,3160.27500003111,13,"magnitude",3,69,674.675000016578,"Yes","Somewhat.","I liked the decks with the progress bar.","Yes. There were definite patterns in most of the decks.","Yes, the decks that alternated colors were the most difficult for me,",3,7,9,1,2,6,3,3,0,0,0,3,0,2,0,4,4,0,3,4,4,0,1,3,0,0,0,2,0,0,0,2,0,0,2,0,0,0,0,2,0,0,0,0,1,0,3,0,0,1,0,1325996
"558","wtnE5ZvR2SAyQFs",52,"Female","1",17,"deck4","deck1","P-NP",76,3160.27500003111,14,"magnitude",1,69,778.524999972433,"Yes","Somewhat.","I liked the decks with the progress bar.","Yes. There were definite patterns in most of the decks.","Yes, the decks that alternated colors were the most difficult for me,",3,7,9,1,2,6,3,3,0,0,0,3,0,2,0,4,4,0,3,4,4,0,1,3,0,0,0,2,0,0,0,2,0,0,2,0,0,0,0,2,0,0,0,0,1,0,3,0,0,1,0,1327277
"559","wtnE5ZvR2SAyQFs",52,"Female","1",17,"deck4","deck1","P-NP",76,3160.27500003111,15,"magnitude",9,73,634.77000000421,"Yes","Somewhat.","I liked the decks with the progress bar.","Yes. There were definite patterns in most of the decks.","Yes, the decks that alternated colors were the most difficult for me,",3,7,9,1,2,6,3,3,0,0,0,3,0,2,0,4,4,0,3,4,4,0,1,3,0,0,0,2,0,0,0,2,0,0,2,0,0,0,0,2,0,0,0,0,1,0,3,0,0,1,0,1328413
"560","wtnE5ZvR2SAyQFs",52,"Female","1",17,"deck4","deck1","P-NP",76,3160.27500003111,16,"magnitude",8,73,555.564999929629,"Yes","Somewhat.","I liked the decks with the progress bar.","Yes. There were definite patterns in most of the decks.","Yes, the decks that alternated colors were the most difficult for me,",3,7,9,1,2,6,3,3,0,0,0,3,0,2,0,4,4,0,3,4,4,0,1,3,0,0,0,2,0,0,0,2,0,0,2,0,0,0,0,2,0,0,0,0,1,0,3,0,0,1,0,1329486
"561","wtnE5ZvR2SAyQFs",52,"Female","1",18,"deck6","deck1","P-NP",82,2616.98499997146,1,"parity",8,69,1316.67999993078,"Yes","Somewhat.","I liked the decks with the progress bar.","Yes. There were definite patterns in most of the decks.","Yes, the decks that alternated colors were the most difficult for me,",3,7,9,1,2,6,3,3,0,0,0,3,0,2,0,4,4,0,3,4,4,0,1,3,0,0,0,2,0,0,0,2,0,0,2,0,0,0,0,2,0,0,0,0,1,0,3,0,0,1,0,1334925
"562","wtnE5ZvR2SAyQFs",52,"Female","1",18,"deck6","deck1","P-NP",82,2616.98499997146,2,"parity",1,73,818.139999988489,"Yes","Somewhat.","I liked the decks with the progress bar.","Yes. There were definite patterns in most of the decks.","Yes, the decks that alternated colors were the most difficult for me,",3,7,9,1,2,6,3,3,0,0,0,3,0,2,0,4,4,0,3,4,4,0,1,3,0,0,0,2,0,0,0,2,0,0,2,0,0,0,0,2,0,0,0,0,1,0,3,0,0,1,0,1336245
"563","wtnE5ZvR2SAyQFs",52,"Female","1",18,"deck6","deck1","P-NP",82,2616.98499997146,3,"parity",4,69,593.944999971427,"Yes","Somewhat.","I liked the decks with the progress bar.","Yes. There were definite patterns in most of the decks.","Yes, the decks that alternated colors were the most difficult for me,",3,7,9,1,2,6,3,3,0,0,0,3,0,2,0,4,4,0,3,4,4,0,1,3,0,0,0,2,0,0,0,2,0,0,2,0,0,0,0,2,0,0,0,0,1,0,3,0,0,1,0,1337341
"564","wtnE5ZvR2SAyQFs",52,"Female","1",18,"deck6","deck1","P-NP",82,2616.98499997146,4,"parity",8,73,555.784999975003,"Yes","Somewhat.","I liked the decks with the progress bar.","Yes. There were definite patterns in most of the decks.","Yes, the decks that alternated colors were the most difficult for me,",3,7,9,1,2,6,3,3,0,0,0,3,0,2,0,4,4,0,3,4,4,0,1,3,0,0,0,2,0,0,0,2,0,0,2,0,0,0,0,2,0,0,0,0,1,0,3,0,0,1,0,1338398
"565","wtnE5ZvR2SAyQFs",52,"Female","1",18,"deck6","deck1","P-NP",82,2616.98499997146,5,"parity",9,73,841.090000001714,"Yes","Somewhat.","I liked the decks with the progress bar.","Yes. There were definite patterns in most of the decks.","Yes, the decks that alternated colors were the most difficult for me,",3,7,9,1,2,6,3,3,0,0,0,3,0,2,0,4,4,0,3,4,4,0,1,3,0,0,0,2,0,0,0,2,0,0,2,0,0,0,0,2,0,0,0,0,1,0,3,0,0,1,0,1339741
"566","wtnE5ZvR2SAyQFs",52,"Female","1",18,"deck6","deck1","P-NP",82,2616.98499997146,6,"parity",4,69,610.449999920093,"Yes","Somewhat.","I liked the decks with the progress bar.","Yes. There were definite patterns in most of the decks.","Yes, the decks that alternated colors were the most difficult for me,",3,7,9,1,2,6,3,3,0,0,0,3,0,2,0,4,4,0,3,4,4,0,1,3,0,0,0,2,0,0,0,2,0,0,2,0,0,0,0,2,0,0,0,0,1,0,3,0,0,1,0,1340853
"567","wtnE5ZvR2SAyQFs",52,"Female","1",18,"deck6","deck1","P-NP",82,2616.98499997146,7,"parity",6,69,745.270000072196,"Yes","Somewhat.","I liked the decks with the progress bar.","Yes. There were definite patterns in most of the decks.","Yes, the decks that alternated colors were the most difficult for me,",3,7,9,1,2,6,3,3,0,0,0,3,0,2,0,4,4,0,3,4,4,0,1,3,0,0,0,2,0,0,0,2,0,0,2,0,0,0,0,2,0,0,0,0,1,0,3,0,0,1,0,1342101
"568","wtnE5ZvR2SAyQFs",52,"Female","1",18,"deck6","deck1","P-NP",82,2616.98499997146,8,"parity",7,73,626.344999996945,"Yes","Somewhat.","I liked the decks with the progress bar.","Yes. There were definite patterns in most of the decks.","Yes, the decks that alternated colors were the most difficult for me,",3,7,9,1,2,6,3,3,0,0,0,3,0,2,0,4,4,0,3,4,4,0,1,3,0,0,0,2,0,0,0,2,0,0,2,0,0,0,0,2,0,0,0,0,1,0,3,0,0,1,0,1343229
"569","wtnE5ZvR2SAyQFs",52,"Female","1",18,"deck6","deck1","P-NP",82,2616.98499997146,9,"parity",1,73,1096.58000001218,"Yes","Somewhat.","I liked the decks with the progress bar.","Yes. There were definite patterns in most of the decks.","Yes, the decks that alternated colors were the most difficult for me,",3,7,9,1,2,6,3,3,0,0,0,3,0,2,0,4,4,0,3,4,4,0,1,3,0,0,0,2,0,0,0,2,0,0,2,0,0,0,0,2,0,0,0,0,1,0,3,0,0,1,0,1344829
"570","wtnE5ZvR2SAyQFs",52,"Female","1",18,"deck6","deck1","P-NP",82,2616.98499997146,10,"magnitude",8,73,929.415000020526,"Yes","Somewhat.","I liked the decks with the progress bar.","Yes. There were definite patterns in most of the decks.","Yes, the decks that alternated colors were the most difficult for me,",3,7,9,1,2,6,3,3,0,0,0,3,0,2,0,4,4,0,3,4,4,0,1,3,0,0,0,2,0,0,0,2,0,0,2,0,0,0,0,2,0,0,0,0,1,0,3,0,0,1,0,1346260
"571","wtnE5ZvR2SAyQFs",52,"Female","1",18,"deck6","deck1","P-NP",82,2616.98499997146,11,"magnitude",7,73,666.419999906793,"Yes","Somewhat.","I liked the decks with the progress bar.","Yes. There were definite patterns in most of the decks.","Yes, the decks that alternated colors were the most difficult for me,",3,7,9,1,2,6,3,3,0,0,0,3,0,2,0,4,4,0,3,4,4,0,1,3,0,0,0,2,0,0,0,2,0,0,2,0,0,0,0,2,0,0,0,0,1,0,3,0,0,1,0,1347430
"572","wtnE5ZvR2SAyQFs",52,"Female","1",18,"deck6","deck1","P-NP",82,2616.98499997146,12,"parity",1,73,975.715000065975,"Yes","Somewhat.","I liked the decks with the progress bar.","Yes. There were definite patterns in most of the decks.","Yes, the decks that alternated colors were the most difficult for me,",3,7,9,1,2,6,3,3,0,0,0,3,0,2,0,4,4,0,3,4,4,0,1,3,0,0,0,2,0,0,0,2,0,0,2,0,0,0,0,2,0,0,0,0,1,0,3,0,0,1,0,1348909
"573","wtnE5ZvR2SAyQFs",52,"Female","1",18,"deck6","deck1","P-NP",82,2616.98499997146,13,"parity",4,69,818.539999891073,"Yes","Somewhat.","I liked the decks with the progress bar.","Yes. There were definite patterns in most of the decks.","Yes, the decks that alternated colors were the most difficult for me,",3,7,9,1,2,6,3,3,0,0,0,3,0,2,0,4,4,0,3,4,4,0,1,3,0,0,0,2,0,0,0,2,0,0,2,0,0,0,0,2,0,0,0,0,1,0,3,0,0,1,0,1350228
"574","wtnE5ZvR2SAyQFs",52,"Female","1",18,"deck6","deck1","P-NP",82,2616.98499997146,14,"parity",3,73,618.219999945723,"Yes","Somewhat.","I liked the decks with the progress bar.","Yes. There were definite patterns in most of the decks.","Yes, the decks that alternated colors were the most difficult for me,",3,7,9,1,2,6,3,3,0,0,0,3,0,2,0,4,4,0,3,4,4,0,1,3,0,0,0,2,0,0,0,2,0,0,2,0,0,0,0,2,0,0,0,0,1,0,3,0,0,1,0,1351348
"575","wtnE5ZvR2SAyQFs",52,"Female","1",18,"deck6","deck1","P-NP",82,2616.98499997146,15,"parity",8,69,793.919999967329,"Yes","Somewhat.","I liked the decks with the progress bar.","Yes. There were definite patterns in most of the decks.","Yes, the decks that alternated colors were the most difficult for me,",3,7,9,1,2,6,3,3,0,0,0,3,0,2,0,4,4,0,3,4,4,0,1,3,0,0,0,2,0,0,0,2,0,0,2,0,0,0,0,2,0,0,0,0,1,0,3,0,0,1,0,1352644
"576","wtnE5ZvR2SAyQFs",52,"Female","1",18,"deck6","deck1","P-NP",82,2616.98499997146,16,"parity",2,69,690.810000058264,"Yes","Somewhat.","I liked the decks with the progress bar.","Yes. There were definite patterns in most of the decks.","Yes, the decks that alternated colors were the most difficult for me,",3,7,9,1,2,6,3,3,0,0,0,3,0,2,0,4,4,0,3,4,4,0,1,3,0,0,0,2,0,0,0,2,0,0,2,0,0,0,0,2,0,0,0,0,1,0,3,0,0,1,0,1353837
"577","wtnE5ZvR2SAyQFs",52,"Female","1",19,"deck1","deck6","P-NP",76,4529.60999996867,1,"parity",6,69,1555.89499999769,"Yes","Somewhat.","I liked the decks with the progress bar.","Yes. There were definite patterns in most of the decks.","Yes, the decks that alternated colors were the most difficult for me,",3,7,9,1,2,6,3,3,0,0,0,3,0,2,0,4,4,0,3,4,4,0,1,3,0,0,0,2,0,0,0,2,0,0,2,0,0,0,0,2,0,0,0,0,1,0,3,0,0,1,0,1361428
"578","wtnE5ZvR2SAyQFs",52,"Female","1",19,"deck1","deck6","P-NP",76,4529.60999996867,2,"parity",8,69,842.454999918118,"Yes","Somewhat.","I liked the decks with the progress bar.","Yes. There were definite patterns in most of the decks.","Yes, the decks that alternated colors were the most difficult for me,",3,7,9,1,2,6,3,3,0,0,0,3,0,2,0,4,4,0,3,4,4,0,1,3,0,0,0,2,0,0,0,2,0,0,2,0,0,0,0,2,0,0,0,0,1,0,3,0,0,1,0,1362772
"579","wtnE5ZvR2SAyQFs",52,"Female","1",19,"deck1","deck6","P-NP",76,4529.60999996867,3,"parity",8,69,658.335000043735,"Yes","Somewhat.","I liked the decks with the progress bar.","Yes. There were definite patterns in most of the decks.","Yes, the decks that alternated colors were the most difficult for me,",3,7,9,1,2,6,3,3,0,0,0,3,0,2,0,4,4,0,3,4,4,0,1,3,0,0,0,2,0,0,0,2,0,0,2,0,0,0,0,2,0,0,0,0,1,0,3,0,0,1,0,1363933
"580","wtnE5ZvR2SAyQFs",52,"Female","1",19,"deck1","deck6","P-NP",76,4529.60999996867,4,"parity",8,69,602.339999983087,"Yes","Somewhat.","I liked the decks with the progress bar.","Yes. There were definite patterns in most of the decks.","Yes, the decks that alternated colors were the most difficult for me,",3,7,9,1,2,6,3,3,0,0,0,3,0,2,0,4,4,0,3,4,4,0,1,3,0,0,0,2,0,0,0,2,0,0,2,0,0,0,0,2,0,0,0,0,1,0,3,0,0,1,0,1365037
"581","wtnE5ZvR2SAyQFs",52,"Female","1",19,"deck1","deck6","P-NP",76,4529.60999996867,5,"parity",8,69,600.50499998033,"Yes","Somewhat.","I liked the decks with the progress bar.","Yes. There were definite patterns in most of the decks.","Yes, the decks that alternated colors were the most difficult for me,",3,7,9,1,2,6,3,3,0,0,0,3,0,2,0,4,4,0,3,4,4,0,1,3,0,0,0,2,0,0,0,2,0,0,2,0,0,0,0,2,0,0,0,0,1,0,3,0,0,1,0,1366140
"582","wtnE5ZvR2SAyQFs",52,"Female","1",19,"deck1","deck6","P-NP",76,4529.60999996867,6,"magnitude",8,73,1018.09000002686,"Yes","Somewhat.","I liked the decks with the progress bar.","Yes. There were definite patterns in most of the decks.","Yes, the decks that alternated colors were the most difficult for me,",3,7,9,1,2,6,3,3,0,0,0,3,0,2,0,4,4,0,3,4,4,0,1,3,0,0,0,2,0,0,0,2,0,0,2,0,0,0,0,2,0,0,0,0,1,0,3,0,0,1,0,1367660
"583","wtnE5ZvR2SAyQFs",52,"Female","1",19,"deck1","deck6","P-NP",76,4529.60999996867,7,"magnitude",8,73,578.409999958239,"Yes","Somewhat.","I liked the decks with the progress bar.","Yes. There were definite patterns in most of the decks.","Yes, the decks that alternated colors were the most difficult for me,",3,7,9,1,2,6,3,3,0,0,0,3,0,2,0,4,4,0,3,4,4,0,1,3,0,0,0,2,0,0,0,2,0,0,2,0,0,0,0,2,0,0,0,0,1,0,3,0,0,1,0,1368740
"584","wtnE5ZvR2SAyQFs",52,"Female","1",19,"deck1","deck6","P-NP",76,4529.60999996867,8,"magnitude",9,73,658.51500001736,"Yes","Somewhat.","I liked the decks with the progress bar.","Yes. There were definite patterns in most of the decks.","Yes, the decks that alternated colors were the most difficult for me,",3,7,9,1,2,6,3,3,0,0,0,3,0,2,0,4,4,0,3,4,4,0,1,3,0,0,0,2,0,0,0,2,0,0,2,0,0,0,0,2,0,0,0,0,1,0,3,0,0,1,0,1369900
"585","wtnE5ZvR2SAyQFs",52,"Female","1",19,"deck1","deck6","P-NP",76,4529.60999996867,9,"magnitude",4,69,562.740000081249,"Yes","Somewhat.","I liked the decks with the progress bar.","Yes. There were definite patterns in most of the decks.","Yes, the decks that alternated colors were the most difficult for me,",3,7,9,1,2,6,3,3,0,0,0,3,0,2,0,4,4,0,3,4,4,0,1,3,0,0,0,2,0,0,0,2,0,0,2,0,0,0,0,2,0,0,0,0,1,0,3,0,0,1,0,1370964
"586","wtnE5ZvR2SAyQFs",52,"Female","1",19,"deck1","deck6","P-NP",76,4529.60999996867,10,"magnitude",9,73,602.524999994785,"Yes","Somewhat.","I liked the decks with the progress bar.","Yes. There were definite patterns in most of the decks.","Yes, the decks that alternated colors were the most difficult for me,",3,7,9,1,2,6,3,3,0,0,0,3,0,2,0,4,4,0,3,4,4,0,1,3,0,0,0,2,0,0,0,2,0,0,2,0,0,0,0,2,0,0,0,0,1,0,3,0,0,1,0,1372068
"587","wtnE5ZvR2SAyQFs",52,"Female","1",19,"deck1","deck6","P-NP",76,4529.60999996867,11,"magnitude",6,73,1066.2800000282,"Yes","Somewhat.","I liked the decks with the progress bar.","Yes. There were definite patterns in most of the decks.","Yes, the decks that alternated colors were the most difficult for me,",3,7,9,1,2,6,3,3,0,0,0,3,0,2,0,4,4,0,3,4,4,0,1,3,0,0,0,2,0,0,0,2,0,0,2,0,0,0,0,2,0,0,0,0,1,0,3,0,0,1,0,1373636
"588","wtnE5ZvR2SAyQFs",52,"Female","1",19,"deck1","deck6","P-NP",76,4529.60999996867,12,"magnitude",4,69,586.269999970682,"Yes","Somewhat.","I liked the decks with the progress bar.","Yes. There were definite patterns in most of the decks.","Yes, the decks that alternated colors were the most difficult for me,",3,7,9,1,2,6,3,3,0,0,0,3,0,2,0,4,4,0,3,4,4,0,1,3,0,0,0,2,0,0,0,2,0,0,2,0,0,0,0,2,0,0,0,0,1,0,3,0,0,1,0,1374725
"589","wtnE5ZvR2SAyQFs",52,"Female","1",19,"deck1","deck6","P-NP",76,4529.60999996867,13,"magnitude",6,73,592.049999977462,"Yes","Somewhat.","I liked the decks with the progress bar.","Yes. There were definite patterns in most of the decks.","Yes, the decks that alternated colors were the most difficult for me,",3,7,9,1,2,6,3,3,0,0,0,3,0,2,0,4,4,0,3,4,4,0,1,3,0,0,0,2,0,0,0,2,0,0,2,0,0,0,0,2,0,0,0,0,1,0,3,0,0,1,0,1375820
"590","wtnE5ZvR2SAyQFs",52,"Female","1",19,"deck1","deck6","P-NP",76,4529.60999996867,14,"magnitude",3,69,721.834999974817,"Yes","Somewhat.","I liked the decks with the progress bar.","Yes. There were definite patterns in most of the decks.","Yes, the decks that alternated colors were the most difficult for me,",3,7,9,1,2,6,3,3,0,0,0,3,0,2,0,4,4,0,3,4,4,0,1,3,0,0,0,2,0,0,0,2,0,0,2,0,0,0,0,2,0,0,0,0,1,0,3,0,0,1,0,1377044
"591","wtnE5ZvR2SAyQFs",52,"Female","1",19,"deck1","deck6","P-NP",76,4529.60999996867,15,"magnitude",2,69,521.614999976009,"Yes","Somewhat.","I liked the decks with the progress bar.","Yes. There were definite patterns in most of the decks.","Yes, the decks that alternated colors were the most difficult for me,",3,7,9,1,2,6,3,3,0,0,0,3,0,2,0,4,4,0,3,4,4,0,1,3,0,0,0,2,0,0,0,2,0,0,2,0,0,0,0,2,0,0,0,0,1,0,3,0,0,1,0,1378068
"592","wtnE5ZvR2SAyQFs",52,"Female","1",19,"deck1","deck6","P-NP",76,4529.60999996867,16,"parity",6,73,569.894999964163,"Yes","Somewhat.","I liked the decks with the progress bar.","Yes. There were definite patterns in most of the decks.","Yes, the decks that alternated colors were the most difficult for me,",3,7,9,1,2,6,3,3,0,0,0,3,0,2,0,4,4,0,3,4,4,0,1,3,0,0,0,2,0,0,0,2,0,0,2,0,0,0,0,2,0,0,0,0,1,0,3,0,0,1,0,1379140
"593","wtnE5ZvR2SAyQFs",52,"Female","1",20,"deck1","deck3","NP-NP",76,2945.64499997068,1,"magnitude",1,73,1394.4050000282,"Yes","Somewhat.","I liked the decks with the progress bar.","Yes. There were definite patterns in most of the decks.","Yes, the decks that alternated colors were the most difficult for me,",3,7,9,1,2,6,3,3,0,0,0,3,0,2,0,4,4,0,3,4,4,0,1,3,0,0,0,2,0,0,0,2,0,0,2,0,0,0,0,2,0,0,0,0,1,0,3,0,0,1,0,1384988
"594","wtnE5ZvR2SAyQFs",52,"Female","1",20,"deck1","deck3","NP-NP",76,2945.64499997068,2,"magnitude",4,69,1250.37000002339,"Yes","Somewhat.","I liked the decks with the progress bar.","Yes. There were definite patterns in most of the decks.","Yes, the decks that alternated colors were the most difficult for me,",3,7,9,1,2,6,3,3,0,0,0,3,0,2,0,4,4,0,3,4,4,0,1,3,0,0,0,2,0,0,0,2,0,0,2,0,0,0,0,2,0,0,0,0,1,0,3,0,0,1,0,1386740
"595","wtnE5ZvR2SAyQFs",52,"Female","1",20,"deck1","deck3","NP-NP",76,2945.64499997068,3,"magnitude",4,69,730.57500005234,"Yes","Somewhat.","I liked the decks with the progress bar.","Yes. There were definite patterns in most of the decks.","Yes, the decks that alternated colors were the most difficult for me,",3,7,9,1,2,6,3,3,0,0,0,3,0,2,0,4,4,0,3,4,4,0,1,3,0,0,0,2,0,0,0,2,0,0,2,0,0,0,0,2,0,0,0,0,1,0,3,0,0,1,0,1387971
"596","wtnE5ZvR2SAyQFs",52,"Female","1",20,"deck1","deck3","NP-NP",76,2945.64499997068,4,"parity",7,73,1370.40500005241,"Yes","Somewhat.","I liked the decks with the progress bar.","Yes. There were definite patterns in most of the decks.","Yes, the decks that alternated colors were the most difficult for me,",3,7,9,1,2,6,3,3,0,0,0,3,0,2,0,4,4,0,3,4,4,0,1,3,0,0,0,2,0,0,0,2,0,0,2,0,0,0,0,2,0,0,0,0,1,0,3,0,0,1,0,1389844
"597","wtnE5ZvR2SAyQFs",52,"Female","1",20,"deck1","deck3","NP-NP",76,2945.64499997068,5,"parity",8,69,1346.57499997411,"Yes","Somewhat.","I liked the decks with the progress bar.","Yes. There were definite patterns in most of the decks.","Yes, the decks that alternated colors were the most difficult for me,",3,7,9,1,2,6,3,3,0,0,0,3,0,2,0,4,4,0,3,4,4,0,1,3,0,0,0,2,0,0,0,2,0,0,2,0,0,0,0,2,0,0,0,0,1,0,3,0,0,1,0,1391692
"598","wtnE5ZvR2SAyQFs",52,"Female","1",20,"deck1","deck3","NP-NP",76,2945.64499997068,6,"parity",7,73,821.070000063628,"Yes","Somewhat.","I liked the decks with the progress bar.","Yes. There were definite patterns in most of the decks.","Yes, the decks that alternated colors were the most difficult for me,",3,7,9,1,2,6,3,3,0,0,0,3,0,2,0,4,4,0,3,4,4,0,1,3,0,0,0,2,0,0,0,2,0,0,2,0,0,0,0,2,0,0,0,0,1,0,3,0,0,1,0,1393027
"599","wtnE5ZvR2SAyQFs",52,"Female","1",20,"deck1","deck3","NP-NP",76,2945.64499997068,7,"magnitude",7,73,794.705000007525,"Yes","Somewhat.","I liked the decks with the progress bar.","Yes. There were definite patterns in most of the decks.","Yes, the decks that alternated colors were the most difficult for me,",3,7,9,1,2,6,3,3,0,0,0,3,0,2,0,4,4,0,3,4,4,0,1,3,0,0,0,2,0,0,0,2,0,0,2,0,0,0,0,2,0,0,0,0,1,0,3,0,0,1,0,1394323
"600","wtnE5ZvR2SAyQFs",52,"Female","1",20,"deck1","deck3","NP-NP",76,2945.64499997068,8,"magnitude",6,73,1378.83499998134,"Yes","Somewhat.","I liked the decks with the progress bar.","Yes. There were definite patterns in most of the decks.","Yes, the decks that alternated colors were the most difficult for me,",3,7,9,1,2,6,3,3,0,0,0,3,0,2,0,4,4,0,3,4,4,0,1,3,0,0,0,2,0,0,0,2,0,0,2,0,0,0,0,2,0,0,0,0,1,0,3,0,0,1,0,1396204
"601","wtnE5ZvR2SAyQFs",52,"Female","1",20,"deck1","deck3","NP-NP",76,2945.64499997068,9,"magnitude",3,69,714.189999969676,"Yes","Somewhat.","I liked the decks with the progress bar.","Yes. There were definite patterns in most of the decks.","Yes, the decks that alternated colors were the most difficult for me,",3,7,9,1,2,6,3,3,0,0,0,3,0,2,0,4,4,0,3,4,4,0,1,3,0,0,0,2,0,0,0,2,0,0,2,0,0,0,0,2,0,0,0,0,1,0,3,0,0,1,0,1397419
"602","wtnE5ZvR2SAyQFs",52,"Female","1",20,"deck1","deck3","NP-NP",76,2945.64499997068,10,"magnitude",1,69,609.904999961145,"Yes","Somewhat.","I liked the decks with the progress bar.","Yes. There were definite patterns in most of the decks.","Yes, the decks that alternated colors were the most difficult for me,",3,7,9,1,2,6,3,3,0,0,0,3,0,2,0,4,4,0,3,4,4,0,1,3,0,0,0,2,0,0,0,2,0,0,2,0,0,0,0,2,0,0,0,0,1,0,3,0,0,1,0,1398531
"603","wtnE5ZvR2SAyQFs",52,"Female","1",20,"deck1","deck3","NP-NP",76,2945.64499997068,11,"magnitude",3,69,594.769999966957,"Yes","Somewhat.","I liked the decks with the progress bar.","Yes. There were definite patterns in most of the decks.","Yes, the decks that alternated colors were the most difficult for me,",3,7,9,1,2,6,3,3,0,0,0,3,0,2,0,4,4,0,3,4,4,0,1,3,0,0,0,2,0,0,0,2,0,0,2,0,0,0,0,2,0,0,0,0,1,0,3,0,0,1,0,1399627
"604","wtnE5ZvR2SAyQFs",52,"Female","1",20,"deck1","deck3","NP-NP",76,2945.64499997068,12,"magnitude",4,69,650.535000022501,"Yes","Somewhat.","I liked the decks with the progress bar.","Yes. There were definite patterns in most of the decks.","Yes, the decks that alternated colors were the most difficult for me,",3,7,9,1,2,6,3,3,0,0,0,3,0,2,0,4,4,0,3,4,4,0,1,3,0,0,0,2,0,0,0,2,0,0,2,0,0,0,0,2,0,0,0,0,1,0,3,0,0,1,0,1400779
"605","wtnE5ZvR2SAyQFs",52,"Female","1",20,"deck1","deck3","NP-NP",76,2945.64499997068,13,"magnitude",3,69,571.250000037253,"Yes","Somewhat.","I liked the decks with the progress bar.","Yes. There were definite patterns in most of the decks.","Yes, the decks that alternated colors were the most difficult for me,",3,7,9,1,2,6,3,3,0,0,0,3,0,2,0,4,4,0,3,4,4,0,1,3,0,0,0,2,0,0,0,2,0,0,2,0,0,0,0,2,0,0,0,0,1,0,3,0,0,1,0,1401853
"606","wtnE5ZvR2SAyQFs",52,"Female","1",20,"deck1","deck3","NP-NP",76,2945.64499997068,14,"magnitude",4,69,545.054999995045,"Yes","Somewhat.","I liked the decks with the progress bar.","Yes. There were definite patterns in most of the decks.","Yes, the decks that alternated colors were the most difficult for me,",3,7,9,1,2,6,3,3,0,0,0,3,0,2,0,4,4,0,3,4,4,0,1,3,0,0,0,2,0,0,0,2,0,0,2,0,0,0,0,2,0,0,0,0,1,0,3,0,0,1,0,1402899
"607","wtnE5ZvR2SAyQFs",52,"Female","1",20,"deck1","deck3","NP-NP",76,2945.64499997068,15,"magnitude",6,73,626.610000035726,"Yes","Somewhat.","I liked the decks with the progress bar.","Yes. There were definite patterns in most of the decks.","Yes, the decks that alternated colors were the most difficult for me,",3,7,9,1,2,6,3,3,0,0,0,3,0,2,0,4,4,0,3,4,4,0,1,3,0,0,0,2,0,0,0,2,0,0,2,0,0,0,0,2,0,0,0,0,1,0,3,0,0,1,0,1404027
"608","wtnE5ZvR2SAyQFs",52,"Female","1",20,"deck1","deck3","NP-NP",76,2945.64499997068,16,"magnitude",1,69,786.154999979772,"Yes","Somewhat.","I liked the decks with the progress bar.","Yes. There were definite patterns in most of the decks.","Yes, the decks that alternated colors were the most difficult for me,",3,7,9,1,2,6,3,3,0,0,0,3,0,2,0,4,4,0,3,4,4,0,1,3,0,0,0,2,0,0,0,2,0,0,2,0,0,0,0,2,0,0,0,0,1,0,3,0,0,1,0,1405315
"609","wtnE5ZvR2SAyQFs",52,"Female","1",21,"deck2","deck5","P-NP",82,2225.80000001471,1,"magnitude",6,73,1499.41000004765,"Yes","Somewhat.","I liked the decks with the progress bar.","Yes. There were definite patterns in most of the decks.","Yes, the decks that alternated colors were the most difficult for me,",3,7,9,1,2,6,3,3,0,0,0,3,0,2,0,4,4,0,3,4,4,0,1,3,0,0,0,2,0,0,0,2,0,0,2,0,0,0,0,2,0,0,0,0,1,0,3,0,0,1,0,1410549
"610","wtnE5ZvR2SAyQFs",52,"Female","1",21,"deck2","deck5","P-NP",82,2225.80000001471,2,"magnitude",6,73,528.844999964349,"Yes","Somewhat.","I liked the decks with the progress bar.","Yes. There were definite patterns in most of the decks.","Yes, the decks that alternated colors were the most difficult for me,",3,7,9,1,2,6,3,3,0,0,0,3,0,2,0,4,4,0,3,4,4,0,1,3,0,0,0,2,0,0,0,2,0,0,2,0,0,0,0,2,0,0,0,0,1,0,3,0,0,1,0,1411579
"611","wtnE5ZvR2SAyQFs",52,"Female","1",21,"deck2","deck5","P-NP",82,2225.80000001471,3,"parity",8,69,810.575000010431,"Yes","Somewhat.","I liked the decks with the progress bar.","Yes. There were definite patterns in most of the decks.","Yes, the decks that alternated colors were the most difficult for me,",3,7,9,1,2,6,3,3,0,0,0,3,0,2,0,4,4,0,3,4,4,0,1,3,0,0,0,2,0,0,0,2,0,0,2,0,0,0,0,2,0,0,0,0,1,0,3,0,0,1,0,1412891
"612","wtnE5ZvR2SAyQFs",52,"Female","1",21,"deck2","deck5","P-NP",82,2225.80000001471,4,"magnitude",3,69,898.490000050515,"Yes","Somewhat.","I liked the decks with the progress bar.","Yes. There were definite patterns in most of the decks.","Yes, the decks that alternated colors were the most difficult for me,",3,7,9,1,2,6,3,3,0,0,0,3,0,2,0,4,4,0,3,4,4,0,1,3,0,0,0,2,0,0,0,2,0,0,2,0,0,0,0,2,0,0,0,0,1,0,3,0,0,1,0,1414291
"613","wtnE5ZvR2SAyQFs",52,"Female","1",21,"deck2","deck5","P-NP",82,2225.80000001471,5,"magnitude",7,73,578.340000007302,"Yes","Somewhat.","I liked the decks with the progress bar.","Yes. There were definite patterns in most of the decks.","Yes, the decks that alternated colors were the most difficult for me,",3,7,9,1,2,6,3,3,0,0,0,3,0,2,0,4,4,0,3,4,4,0,1,3,0,0,0,2,0,0,0,2,0,0,2,0,0,0,0,2,0,0,0,0,1,0,3,0,0,1,0,1415371
"614","wtnE5ZvR2SAyQFs",52,"Female","1",21,"deck2","deck5","P-NP",82,2225.80000001471,6,"parity",2,69,977.869999944232,"Yes","Somewhat.","I liked the decks with the progress bar.","Yes. There were definite patterns in most of the decks.","Yes, the decks that alternated colors were the most difficult for me,",3,7,9,1,2,6,3,3,0,0,0,3,0,2,0,4,4,0,3,4,4,0,1,3,0,0,0,2,0,0,0,2,0,0,2,0,0,0,0,2,0,0,0,0,1,0,3,0,0,1,0,1416851
"615","wtnE5ZvR2SAyQFs",52,"Female","1",21,"deck2","deck5","P-NP",82,2225.80000001471,7,"magnitude",3,69,657.899999991059,"Yes","Somewhat.","I liked the decks with the progress bar.","Yes. There were definite patterns in most of the decks.","Yes, the decks that alternated colors were the most difficult for me,",3,7,9,1,2,6,3,3,0,0,0,3,0,2,0,4,4,0,3,4,4,0,1,3,0,0,0,2,0,0,0,2,0,0,2,0,0,0,0,2,0,0,0,0,1,0,3,0,0,1,0,1418011
"616","wtnE5ZvR2SAyQFs",52,"Female","1",21,"deck2","deck5","P-NP",82,2225.80000001471,8,"magnitude",7,73,625.480000046082,"Yes","Somewhat.","I liked the decks with the progress bar.","Yes. There were definite patterns in most of the decks.","Yes, the decks that alternated colors were the most difficult for me,",3,7,9,1,2,6,3,3,0,0,0,3,0,2,0,4,4,0,3,4,4,0,1,3,0,0,0,2,0,0,0,2,0,0,2,0,0,0,0,2,0,0,0,0,1,0,3,0,0,1,0,1419139
"617","wtnE5ZvR2SAyQFs",52,"Female","1",21,"deck2","deck5","P-NP",82,2225.80000001471,9,"magnitude",4,69,953.740000026301,"Yes","Somewhat.","I liked the decks with the progress bar.","Yes. There were definite patterns in most of the decks.","Yes, the decks that alternated colors were the most difficult for me,",3,7,9,1,2,6,3,3,0,0,0,3,0,2,0,4,4,0,3,4,4,0,1,3,0,0,0,2,0,0,0,2,0,0,2,0,0,0,0,2,0,0,0,0,1,0,3,0,0,1,0,1420595
"618","wtnE5ZvR2SAyQFs",52,"Female","1",21,"deck2","deck5","P-NP",82,2225.80000001471,10,"magnitude",6,73,666.269999928772,"Yes","Somewhat.","I liked the decks with the progress bar.","Yes. There were definite patterns in most of the decks.","Yes, the decks that alternated colors were the most difficult for me,",3,7,9,1,2,6,3,3,0,0,0,3,0,2,0,4,4,0,3,4,4,0,1,3,0,0,0,2,0,0,0,2,0,0,2,0,0,0,0,2,0,0,0,0,1,0,3,0,0,1,0,1421763
"619","wtnE5ZvR2SAyQFs",52,"Female","1",21,"deck2","deck5","P-NP",82,2225.80000001471,11,"parity",1,73,1009.88999998663,"Yes","Somewhat.","I liked the decks with the progress bar.","Yes. There were definite patterns in most of the decks.","Yes, the decks that alternated colors were the most difficult for me,",3,7,9,1,2,6,3,3,0,0,0,3,0,2,0,4,4,0,3,4,4,0,1,3,0,0,0,2,0,0,0,2,0,0,2,0,0,0,0,2,0,0,0,0,1,0,3,0,0,1,0,1423275
"620","wtnE5ZvR2SAyQFs",52,"Female","1",21,"deck2","deck5","P-NP",82,2225.80000001471,12,"magnitude",6,73,866.354999947362,"Yes","Somewhat.","I liked the decks with the progress bar.","Yes. There were definite patterns in most of the decks.","Yes, the decks that alternated colors were the most difficult for me,",3,7,9,1,2,6,3,3,0,0,0,3,0,2,0,4,4,0,3,4,4,0,1,3,0,0,0,2,0,0,0,2,0,0,2,0,0,0,0,2,0,0,0,0,1,0,3,0,0,1,0,1424643
"621","wtnE5ZvR2SAyQFs",52,"Female","1",21,"deck2","deck5","P-NP",82,2225.80000001471,13,"parity",4,69,906.145000015385,"Yes","Somewhat.","I liked the decks with the progress bar.","Yes. There were definite patterns in most of the decks.","Yes, the decks that alternated colors were the most difficult for me,",3,7,9,1,2,6,3,3,0,0,0,3,0,2,0,4,4,0,3,4,4,0,1,3,0,0,0,2,0,0,0,2,0,0,2,0,0,0,0,2,0,0,0,0,1,0,3,0,0,1,0,1426051
"622","wtnE5ZvR2SAyQFs",52,"Female","1",21,"deck2","deck5","P-NP",82,2225.80000001471,14,"parity",7,73,665.889999945648,"Yes","Somewhat.","I liked the decks with the progress bar.","Yes. There were definite patterns in most of the decks.","Yes, the decks that alternated colors were the most difficult for me,",3,7,9,1,2,6,3,3,0,0,0,3,0,2,0,4,4,0,3,4,4,0,1,3,0,0,0,2,0,0,0,2,0,0,2,0,0,0,0,2,0,0,0,0,1,0,3,0,0,1,0,1427219
"623","wtnE5ZvR2SAyQFs",52,"Female","1",21,"deck2","deck5","P-NP",82,2225.80000001471,15,"parity",9,73,603.629999910481,"Yes","Somewhat.","I liked the decks with the progress bar.","Yes. There were definite patterns in most of the decks.","Yes, the decks that alternated colors were the most difficult for me,",3,7,9,1,2,6,3,3,0,0,0,3,0,2,0,4,4,0,3,4,4,0,1,3,0,0,0,2,0,0,0,2,0,0,2,0,0,0,0,2,0,0,0,0,1,0,3,0,0,1,0,1428324
"624","wtnE5ZvR2SAyQFs",52,"Female","1",21,"deck2","deck5","P-NP",82,2225.80000001471,16,"magnitude",3,69,760.074999998324,"Yes","Somewhat.","I liked the decks with the progress bar.","Yes. There were definite patterns in most of the decks.","Yes, the decks that alternated colors were the most difficult for me,",3,7,9,1,2,6,3,3,0,0,0,3,0,2,0,4,4,0,3,4,4,0,1,3,0,0,0,2,0,0,0,2,0,0,2,0,0,0,0,2,0,0,0,0,1,0,3,0,0,1,0,1429587
"625","wtnE5ZvR2SAyQFs",52,"Female","1",22,"deck6","deck1","P-NP",82,7226.78000002634,1,"parity",4,NA,NA,"Yes","Somewhat.","I liked the decks with the progress bar.","Yes. There were definite patterns in most of the decks.","Yes, the decks that alternated colors were the most difficult for me,",3,7,9,1,2,6,3,3,0,0,0,3,0,2,0,4,4,0,3,4,4,0,1,3,0,0,0,2,0,0,0,2,0,0,2,0,0,0,0,2,0,0,0,0,1,0,3,0,0,1,0,1440824
"626","wtnE5ZvR2SAyQFs",52,"Female","1",22,"deck6","deck1","P-NP",82,7226.78000002634,2,"parity",2,69,540.599999949336,"Yes","Somewhat.","I liked the decks with the progress bar.","Yes. There were definite patterns in most of the decks.","Yes, the decks that alternated colors were the most difficult for me,",3,7,9,1,2,6,3,3,0,0,0,3,0,2,0,4,4,0,3,4,4,0,1,3,0,0,0,2,0,0,0,2,0,0,2,0,0,0,0,2,0,0,0,0,1,0,3,0,0,1,0,1441867
"627","wtnE5ZvR2SAyQFs",52,"Female","1",22,"deck6","deck1","P-NP",82,7226.78000002634,3,"magnitude",3,73,609.965000068769,"Yes","Somewhat.","I liked the decks with the progress bar.","Yes. There were definite patterns in most of the decks.","Yes, the decks that alternated colors were the most difficult for me,",3,7,9,1,2,6,3,3,0,0,0,3,0,2,0,4,4,0,3,4,4,0,1,3,0,0,0,2,0,0,0,2,0,0,2,0,0,0,0,2,0,0,0,0,1,0,3,0,0,1,0,1442979
"628","wtnE5ZvR2SAyQFs",52,"Female","1",22,"deck6","deck1","P-NP",82,7226.78000002634,4,"magnitude",4,69,449.95000003837,"Yes","Somewhat.","I liked the decks with the progress bar.","Yes. There were definite patterns in most of the decks.","Yes, the decks that alternated colors were the most difficult for me,",3,7,9,1,2,6,3,3,0,0,0,3,0,2,0,4,4,0,3,4,4,0,1,3,0,0,0,2,0,0,0,2,0,0,2,0,0,0,0,2,0,0,0,0,1,0,3,0,0,1,0,1443931
"629","wtnE5ZvR2SAyQFs",52,"Female","1",22,"deck6","deck1","P-NP",82,7226.78000002634,5,"magnitude",3,69,522.344999946654,"Yes","Somewhat.","I liked the decks with the progress bar.","Yes. There were definite patterns in most of the decks.","Yes, the decks that alternated colors were the most difficult for me,",3,7,9,1,2,6,3,3,0,0,0,3,0,2,0,4,4,0,3,4,4,0,1,3,0,0,0,2,0,0,0,2,0,0,2,0,0,0,0,2,0,0,0,0,1,0,3,0,0,1,0,1444955
"630","wtnE5ZvR2SAyQFs",52,"Female","1",22,"deck6","deck1","P-NP",82,7226.78000002634,6,"magnitude",9,73,545.860000071116,"Yes","Somewhat.","I liked the decks with the progress bar.","Yes. There were definite patterns in most of the decks.","Yes, the decks that alternated colors were the most difficult for me,",3,7,9,1,2,6,3,3,0,0,0,3,0,2,0,4,4,0,3,4,4,0,1,3,0,0,0,2,0,0,0,2,0,0,2,0,0,0,0,2,0,0,0,0,1,0,3,0,0,1,0,1446003
"631","wtnE5ZvR2SAyQFs",52,"Female","1",22,"deck6","deck1","P-NP",82,7226.78000002634,7,"magnitude",4,69,586.394999991171,"Yes","Somewhat.","I liked the decks with the progress bar.","Yes. There were definite patterns in most of the decks.","Yes, the decks that alternated colors were the most difficult for me,",3,7,9,1,2,6,3,3,0,0,0,3,0,2,0,4,4,0,3,4,4,0,1,3,0,0,0,2,0,0,0,2,0,0,2,0,0,0,0,2,0,0,0,0,1,0,3,0,0,1,0,1447091
"632","wtnE5ZvR2SAyQFs",52,"Female","1",22,"deck6","deck1","P-NP",82,7226.78000002634,8,"magnitude",8,73,514.384999987669,"Yes","Somewhat.","I liked the decks with the progress bar.","Yes. There were definite patterns in most of the decks.","Yes, the decks that alternated colors were the most difficult for me,",3,7,9,1,2,6,3,3,0,0,0,3,0,2,0,4,4,0,3,4,4,0,1,3,0,0,0,2,0,0,0,2,0,0,2,0,0,0,0,2,0,0,0,0,1,0,3,0,0,1,0,1448107
"633","wtnE5ZvR2SAyQFs",52,"Female","1",22,"deck6","deck1","P-NP",82,7226.78000002634,9,"magnitude",4,69,513.890000060201,"Yes","Somewhat.","I liked the decks with the progress bar.","Yes. There were definite patterns in most of the decks.","Yes, the decks that alternated colors were the most difficult for me,",3,7,9,1,2,6,3,3,0,0,0,3,0,2,0,4,4,0,3,4,4,0,1,3,0,0,0,2,0,0,0,2,0,0,2,0,0,0,0,2,0,0,0,0,1,0,3,0,0,1,0,1449123
"634","wtnE5ZvR2SAyQFs",52,"Female","1",22,"deck6","deck1","P-NP",82,7226.78000002634,10,"magnitude",9,73,497.340000001714,"Yes","Somewhat.","I liked the decks with the progress bar.","Yes. There were definite patterns in most of the decks.","Yes, the decks that alternated colors were the most difficult for me,",3,7,9,1,2,6,3,3,0,0,0,3,0,2,0,4,4,0,3,4,4,0,1,3,0,0,0,2,0,0,0,2,0,0,2,0,0,0,0,2,0,0,0,0,1,0,3,0,0,1,0,1450131
"635","wtnE5ZvR2SAyQFs",52,"Female","1",22,"deck6","deck1","P-NP",82,7226.78000002634,11,"magnitude",8,73,570.610000053421,"Yes","Somewhat.","I liked the decks with the progress bar.","Yes. There were definite patterns in most of the decks.","Yes, the decks that alternated colors were the most difficult for me,",3,7,9,1,2,6,3,3,0,0,0,3,0,2,0,4,4,0,3,4,4,0,1,3,0,0,0,2,0,0,0,2,0,0,2,0,0,0,0,2,0,0,0,0,1,0,3,0,0,1,0,1451204
"636","wtnE5ZvR2SAyQFs",52,"Female","1",22,"deck6","deck1","P-NP",82,7226.78000002634,12,"magnitude",2,69,457.73999998346,"Yes","Somewhat.","I liked the decks with the progress bar.","Yes. There were definite patterns in most of the decks.","Yes, the decks that alternated colors were the most difficult for me,",3,7,9,1,2,6,3,3,0,0,0,3,0,2,0,4,4,0,3,4,4,0,1,3,0,0,0,2,0,0,0,2,0,0,2,0,0,0,0,2,0,0,0,0,1,0,3,0,0,1,0,1452163
"637","wtnE5ZvR2SAyQFs",52,"Female","1",22,"deck6","deck1","P-NP",82,7226.78000002634,13,"magnitude",1,69,506.315000005998,"Yes","Somewhat.","I liked the decks with the progress bar.","Yes. There were definite patterns in most of the decks.","Yes, the decks that alternated colors were the most difficult for me,",3,7,9,1,2,6,3,3,0,0,0,3,0,2,0,4,4,0,3,4,4,0,1,3,0,0,0,2,0,0,0,2,0,0,2,0,0,0,0,2,0,0,0,0,1,0,3,0,0,1,0,1453171
"638","wtnE5ZvR2SAyQFs",52,"Female","1",22,"deck6","deck1","P-NP",82,7226.78000002634,14,"magnitude",6,73,545.964999939315,"Yes","Somewhat.","I liked the decks with the progress bar.","Yes. There were definite patterns in most of the decks.","Yes, the decks that alternated colors were the most difficult for me,",3,7,9,1,2,6,3,3,0,0,0,3,0,2,0,4,4,0,3,4,4,0,1,3,0,0,0,2,0,0,0,2,0,0,2,0,0,0,0,2,0,0,0,0,1,0,3,0,0,1,0,1454219
"639","wtnE5ZvR2SAyQFs",52,"Female","1",22,"deck6","deck1","P-NP",82,7226.78000002634,15,"parity",8,69,843.755000038072,"Yes","Somewhat.","I liked the decks with the progress bar.","Yes. There were definite patterns in most of the decks.","Yes, the decks that alternated colors were the most difficult for me,",3,7,9,1,2,6,3,3,0,0,0,3,0,2,0,4,4,0,3,4,4,0,1,3,0,0,0,2,0,0,0,2,0,0,2,0,0,0,0,2,0,0,0,0,1,0,3,0,0,1,0,1455565
"640","wtnE5ZvR2SAyQFs",52,"Female","1",22,"deck6","deck1","P-NP",82,7226.78000002634,16,"parity",3,73,729.279999970458,"Yes","Somewhat.","I liked the decks with the progress bar.","Yes. There were definite patterns in most of the decks.","Yes, the decks that alternated colors were the most difficult for me,",3,7,9,1,2,6,3,3,0,0,0,3,0,2,0,4,4,0,3,4,4,0,1,3,0,0,0,2,0,0,0,2,0,0,2,0,0,0,0,2,0,0,0,0,1,0,3,0,0,1,0,1456795
"641","wtnE5ZvR2SAyQFs",52,"Female","1",23,"deck4","deck3","P-NP",76,3729.35000003781,1,"magnitude",2,69,1442.61000002734,"Yes","Somewhat.","I liked the decks with the progress bar.","Yes. There were definite patterns in most of the decks.","Yes, the decks that alternated colors were the most difficult for me,",3,7,9,1,2,6,3,3,0,0,0,3,0,2,0,4,4,0,3,4,4,0,1,3,0,0,0,2,0,0,0,2,0,0,2,0,0,0,0,2,0,0,0,0,1,0,3,0,0,1,0,1463475
"642","wtnE5ZvR2SAyQFs",52,"Female","1",23,"deck4","deck3","P-NP",76,3729.35000003781,2,"magnitude",4,69,643.039999995381,"Yes","Somewhat.","I liked the decks with the progress bar.","Yes. There were definite patterns in most of the decks.","Yes, the decks that alternated colors were the most difficult for me,",3,7,9,1,2,6,3,3,0,0,0,3,0,2,0,4,4,0,3,4,4,0,1,3,0,0,0,2,0,0,0,2,0,0,2,0,0,0,0,2,0,0,0,0,1,0,3,0,0,1,0,1464621
"643","wtnE5ZvR2SAyQFs",52,"Female","1",23,"deck4","deck3","P-NP",76,3729.35000003781,3,"magnitude",9,73,464.850000105798,"Yes","Somewhat.","I liked the decks with the progress bar.","Yes. There were definite patterns in most of the decks.","Yes, the decks that alternated colors were the most difficult for me,",3,7,9,1,2,6,3,3,0,0,0,3,0,2,0,4,4,0,3,4,4,0,1,3,0,0,0,2,0,0,0,2,0,0,2,0,0,0,0,2,0,0,0,0,1,0,3,0,0,1,0,1465587
"644","wtnE5ZvR2SAyQFs",52,"Female","1",23,"deck4","deck3","P-NP",76,3729.35000003781,4,"magnitude",6,73,562.720000045374,"Yes","Somewhat.","I liked the decks with the progress bar.","Yes. There were definite patterns in most of the decks.","Yes, the decks that alternated colors were the most difficult for me,",3,7,9,1,2,6,3,3,0,0,0,3,0,2,0,4,4,0,3,4,4,0,1,3,0,0,0,2,0,0,0,2,0,0,2,0,0,0,0,2,0,0,0,0,1,0,3,0,0,1,0,1466651
"645","wtnE5ZvR2SAyQFs",52,"Female","1",23,"deck4","deck3","P-NP",76,3729.35000003781,5,"parity",7,73,706.350000109524,"Yes","Somewhat.","I liked the decks with the progress bar.","Yes. There were definite patterns in most of the decks.","Yes, the decks that alternated colors were the most difficult for me,",3,7,9,1,2,6,3,3,0,0,0,3,0,2,0,4,4,0,3,4,4,0,1,3,0,0,0,2,0,0,0,2,0,0,2,0,0,0,0,2,0,0,0,0,1,0,3,0,0,1,0,1467859
"646","wtnE5ZvR2SAyQFs",52,"Female","1",23,"deck4","deck3","P-NP",76,3729.35000003781,6,"parity",8,69,858.134999987669,"Yes","Somewhat.","I liked the decks with the progress bar.","Yes. There were definite patterns in most of the decks.","Yes, the decks that alternated colors were the most difficult for me,",3,7,9,1,2,6,3,3,0,0,0,3,0,2,0,4,4,0,3,4,4,0,1,3,0,0,0,2,0,0,0,2,0,0,2,0,0,0,0,2,0,0,0,0,1,0,3,0,0,1,0,1469219
"647","wtnE5ZvR2SAyQFs",52,"Female","1",23,"deck4","deck3","P-NP",76,3729.35000003781,7,"parity",1,73,825.874999980442,"Yes","Somewhat.","I liked the decks with the progress bar.","Yes. There were definite patterns in most of the decks.","Yes, the decks that alternated colors were the most difficult for me,",3,7,9,1,2,6,3,3,0,0,0,3,0,2,0,4,4,0,3,4,4,0,1,3,0,0,0,2,0,0,0,2,0,0,2,0,0,0,0,2,0,0,0,0,1,0,3,0,0,1,0,1470547
"648","wtnE5ZvR2SAyQFs",52,"Female","1",23,"deck4","deck3","P-NP",76,3729.35000003781,8,"parity",7,73,722.629999974743,"Yes","Somewhat.","I liked the decks with the progress bar.","Yes. There were definite patterns in most of the decks.","Yes, the decks that alternated colors were the most difficult for me,",3,7,9,1,2,6,3,3,0,0,0,3,0,2,0,4,4,0,3,4,4,0,1,3,0,0,0,2,0,0,0,2,0,0,2,0,0,0,0,2,0,0,0,0,1,0,3,0,0,1,0,1471771
"649","wtnE5ZvR2SAyQFs",52,"Female","1",23,"deck4","deck3","P-NP",76,3729.35000003781,9,"parity",2,69,769.6050000377,"Yes","Somewhat.","I liked the decks with the progress bar.","Yes. There were definite patterns in most of the decks.","Yes, the decks that alternated colors were the most difficult for me,",3,7,9,1,2,6,3,3,0,0,0,3,0,2,0,4,4,0,3,4,4,0,1,3,0,0,0,2,0,0,0,2,0,0,2,0,0,0,0,2,0,0,0,0,1,0,3,0,0,1,0,1473043
"650","wtnE5ZvR2SAyQFs",52,"Female","1",23,"deck4","deck3","P-NP",76,3729.35000003781,10,"parity",6,69,682.425000006333,"Yes","Somewhat.","I liked the decks with the progress bar.","Yes. There were definite patterns in most of the decks.","Yes, the decks that alternated colors were the most difficult for me,",3,7,9,1,2,6,3,3,0,0,0,3,0,2,0,4,4,0,3,4,4,0,1,3,0,0,0,2,0,0,0,2,0,0,2,0,0,0,0,2,0,0,0,0,1,0,3,0,0,1,0,1474227
"651","wtnE5ZvR2SAyQFs",52,"Female","1",23,"deck4","deck3","P-NP",76,3729.35000003781,11,"parity",6,69,625.799999921583,"Yes","Somewhat.","I liked the decks with the progress bar.","Yes. There were definite patterns in most of the decks.","Yes, the decks that alternated colors were the most difficult for me,",3,7,9,1,2,6,3,3,0,0,0,3,0,2,0,4,4,0,3,4,4,0,1,3,0,0,0,2,0,0,0,2,0,0,2,0,0,0,0,2,0,0,0,0,1,0,3,0,0,1,0,1475355
"652","wtnE5ZvR2SAyQFs",52,"Female","1",23,"deck4","deck3","P-NP",76,3729.35000003781,12,"parity",4,69,562.58499994874,"Yes","Somewhat.","I liked the decks with the progress bar.","Yes. There were definite patterns in most of the decks.","Yes, the decks that alternated colors were the most difficult for me,",3,7,9,1,2,6,3,3,0,0,0,3,0,2,0,4,4,0,3,4,4,0,1,3,0,0,0,2,0,0,0,2,0,0,2,0,0,0,0,2,0,0,0,0,1,0,3,0,0,1,0,1476419
"653","wtnE5ZvR2SAyQFs",52,"Female","1",23,"deck4","deck3","P-NP",76,3729.35000003781,13,"parity",1,73,498.239999986254,"Yes","Somewhat.","I liked the decks with the progress bar.","Yes. There were definite patterns in most of the decks.","Yes, the decks that alternated colors were the most difficult for me,",3,7,9,1,2,6,3,3,0,0,0,3,0,2,0,4,4,0,3,4,4,0,1,3,0,0,0,2,0,0,0,2,0,0,2,0,0,0,0,2,0,0,0,0,1,0,3,0,0,1,0,1477419
"654","wtnE5ZvR2SAyQFs",52,"Female","1",23,"deck4","deck3","P-NP",76,3729.35000003781,14,"parity",6,73,665.90499994345,"Yes","Somewhat.","I liked the decks with the progress bar.","Yes. There were definite patterns in most of the decks.","Yes, the decks that alternated colors were the most difficult for me,",3,7,9,1,2,6,3,3,0,0,0,3,0,2,0,4,4,0,3,4,4,0,1,3,0,0,0,2,0,0,0,2,0,0,2,0,0,0,0,2,0,0,0,0,1,0,3,0,0,1,0,1478587
"655","wtnE5ZvR2SAyQFs",52,"Female","1",23,"deck4","deck3","P-NP",76,3729.35000003781,15,"parity",1,73,898.545000003651,"Yes","Somewhat.","I liked the decks with the progress bar.","Yes. There were definite patterns in most of the decks.","Yes, the decks that alternated colors were the most difficult for me,",3,7,9,1,2,6,3,3,0,0,0,3,0,2,0,4,4,0,3,4,4,0,1,3,0,0,0,2,0,0,0,2,0,0,2,0,0,0,0,2,0,0,0,0,1,0,3,0,0,1,0,1479987
"656","wtnE5ZvR2SAyQFs",52,"Female","1",23,"deck4","deck3","P-NP",76,3729.35000003781,16,"magnitude",2,69,778.615000075661,"Yes","Somewhat.","I liked the decks with the progress bar.","Yes. There were definite patterns in most of the decks.","Yes, the decks that alternated colors were the most difficult for me,",3,7,9,1,2,6,3,3,0,0,0,3,0,2,0,4,4,0,3,4,4,0,1,3,0,0,0,2,0,0,0,2,0,0,2,0,0,0,0,2,0,0,0,0,1,0,3,0,0,1,0,1481267
"657","wtnE5ZvR2SAyQFs",52,"Female","1",24,"deck5","deck3","P-NP",82,3297.38500004169,1,"magnitude",6,NA,NA,"Yes","Somewhat.","I liked the decks with the progress bar.","Yes. There were definite patterns in most of the decks.","Yes, the decks that alternated colors were the most difficult for me,",3,7,9,1,2,6,3,3,0,0,0,3,0,2,0,4,4,0,3,4,4,0,1,3,0,0,0,2,0,0,0,2,0,0,2,0,0,0,0,2,0,0,0,0,1,0,3,0,0,1,0,1488574
"658","wtnE5ZvR2SAyQFs",52,"Female","1",24,"deck5","deck3","P-NP",82,3297.38500004169,2,"parity",3,69,526.56000002753,"Yes","Somewhat.","I liked the decks with the progress bar.","Yes. There were definite patterns in most of the decks.","Yes, the decks that alternated colors were the most difficult for me,",3,7,9,1,2,6,3,3,0,0,0,3,0,2,0,4,4,0,3,4,4,0,1,3,0,0,0,2,0,0,0,2,0,0,2,0,0,0,0,2,0,0,0,0,1,0,3,0,0,1,0,1489603
"659","wtnE5ZvR2SAyQFs",52,"Female","1",24,"deck5","deck3","P-NP",82,3297.38500004169,3,"magnitude",9,73,658.20999990683,"Yes","Somewhat.","I liked the decks with the progress bar.","Yes. There were definite patterns in most of the decks.","Yes, the decks that alternated colors were the most difficult for me,",3,7,9,1,2,6,3,3,0,0,0,3,0,2,0,4,4,0,3,4,4,0,1,3,0,0,0,2,0,0,0,2,0,0,2,0,0,0,0,2,0,0,0,0,1,0,3,0,0,1,0,1490763
"660","wtnE5ZvR2SAyQFs",52,"Female","1",24,"deck5","deck3","P-NP",82,3297.38500004169,4,"parity",4,69,1122.42499995045,"Yes","Somewhat.","I liked the decks with the progress bar.","Yes. There were definite patterns in most of the decks.","Yes, the decks that alternated colors were the most difficult for me,",3,7,9,1,2,6,3,3,0,0,0,3,0,2,0,4,4,0,3,4,4,0,1,3,0,0,0,2,0,0,0,2,0,0,2,0,0,0,0,2,0,0,0,0,1,0,3,0,0,1,0,1492387
"661","wtnE5ZvR2SAyQFs",52,"Female","1",24,"deck5","deck3","P-NP",82,3297.38500004169,5,"magnitude",9,73,562.854999909177,"Yes","Somewhat.","I liked the decks with the progress bar.","Yes. There were definite patterns in most of the decks.","Yes, the decks that alternated colors were the most difficult for me,",3,7,9,1,2,6,3,3,0,0,0,3,0,2,0,4,4,0,3,4,4,0,1,3,0,0,0,2,0,0,0,2,0,0,2,0,0,0,0,2,0,0,0,0,1,0,3,0,0,1,0,1493451
"662","wtnE5ZvR2SAyQFs",52,"Female","1",24,"deck5","deck3","P-NP",82,3297.38500004169,6,"parity",6,69,753.955000080168,"Yes","Somewhat.","I liked the decks with the progress bar.","Yes. There were definite patterns in most of the decks.","Yes, the decks that alternated colors were the most difficult for me,",3,7,9,1,2,6,3,3,0,0,0,3,0,2,0,4,4,0,3,4,4,0,1,3,0,0,0,2,0,0,0,2,0,0,2,0,0,0,0,2,0,0,0,0,1,0,3,0,0,1,0,1494707
"663","wtnE5ZvR2SAyQFs",52,"Female","1",24,"deck5","deck3","P-NP",82,3297.38500004169,7,"parity",8,69,594.739999971353,"Yes","Somewhat.","I liked the decks with the progress bar.","Yes. There were definite patterns in most of the decks.","Yes, the decks that alternated colors were the most difficult for me,",3,7,9,1,2,6,3,3,0,0,0,3,0,2,0,4,4,0,3,4,4,0,1,3,0,0,0,2,0,0,0,2,0,0,2,0,0,0,0,2,0,0,0,0,1,0,3,0,0,1,0,1495803
"664","wtnE5ZvR2SAyQFs",52,"Female","1",24,"deck5","deck3","P-NP",82,3297.38500004169,8,"magnitude",1,69,818.150000064634,"Yes","Somewhat.","I liked the decks with the progress bar.","Yes. There were definite patterns in most of the decks.","Yes, the decks that alternated colors were the most difficult for me,",3,7,9,1,2,6,3,3,0,0,0,3,0,2,0,4,4,0,3,4,4,0,1,3,0,0,0,2,0,0,0,2,0,0,2,0,0,0,0,2,0,0,0,0,1,0,3,0,0,1,0,1497123
"665","wtnE5ZvR2SAyQFs",52,"Female","1",24,"deck5","deck3","P-NP",82,3297.38500004169,9,"parity",1,73,746.099999989383,"Yes","Somewhat.","I liked the decks with the progress bar.","Yes. There were definite patterns in most of the decks.","Yes, the decks that alternated colors were the most difficult for me,",3,7,9,1,2,6,3,3,0,0,0,3,0,2,0,4,4,0,3,4,4,0,1,3,0,0,0,2,0,0,0,2,0,0,2,0,0,0,0,2,0,0,0,0,1,0,3,0,0,1,0,1498371
"666","wtnE5ZvR2SAyQFs",52,"Female","1",24,"deck5","deck3","P-NP",82,3297.38500004169,10,"magnitude",7,73,617.924999911338,"Yes","Somewhat.","I liked the decks with the progress bar.","Yes. There were definite patterns in most of the decks.","Yes, the decks that alternated colors were the most difficult for me,",3,7,9,1,2,6,3,3,0,0,0,3,0,2,0,4,4,0,3,4,4,0,1,3,0,0,0,2,0,0,0,2,0,0,2,0,0,0,0,2,0,0,0,0,1,0,3,0,0,1,0,1499491
"667","wtnE5ZvR2SAyQFs",52,"Female","1",24,"deck5","deck3","P-NP",82,3297.38500004169,11,"parity",4,69,723.495000042021,"Yes","Somewhat.","I liked the decks with the progress bar.","Yes. There were definite patterns in most of the decks.","Yes, the decks that alternated colors were the most difficult for me,",3,7,9,1,2,6,3,3,0,0,0,3,0,2,0,4,4,0,3,4,4,0,1,3,0,0,0,2,0,0,0,2,0,0,2,0,0,0,0,2,0,0,0,0,1,0,3,0,0,1,0,1500716
"668","wtnE5ZvR2SAyQFs",52,"Female","1",24,"deck5","deck3","P-NP",82,3297.38500004169,12,"magnitude",6,73,816.390000050887,"Yes","Somewhat.","I liked the decks with the progress bar.","Yes. There were definite patterns in most of the decks.","Yes, the decks that alternated colors were the most difficult for me,",3,7,9,1,2,6,3,3,0,0,0,3,0,2,0,4,4,0,3,4,4,0,1,3,0,0,0,2,0,0,0,2,0,0,2,0,0,0,0,2,0,0,0,0,1,0,3,0,0,1,0,1502035
"669","wtnE5ZvR2SAyQFs",52,"Female","1",24,"deck5","deck3","P-NP",82,3297.38500004169,13,"parity",7,73,728.980000014417,"Yes","Somewhat.","I liked the decks with the progress bar.","Yes. There were definite patterns in most of the decks.","Yes, the decks that alternated colors were the most difficult for me,",3,7,9,1,2,6,3,3,0,0,0,3,0,2,0,4,4,0,3,4,4,0,1,3,0,0,0,2,0,0,0,2,0,0,2,0,0,0,0,2,0,0,0,0,1,0,3,0,0,1,0,1503267
"670","wtnE5ZvR2SAyQFs",52,"Female","1",24,"deck5","deck3","P-NP",82,3297.38500004169,14,"magnitude",1,69,658.950000070035,"Yes","Somewhat.","I liked the decks with the progress bar.","Yes. There were definite patterns in most of the decks.","Yes, the decks that alternated colors were the most difficult for me,",3,7,9,1,2,6,3,3,0,0,0,3,0,2,0,4,4,0,3,4,4,0,1,3,0,0,0,2,0,0,0,2,0,0,2,0,0,0,0,2,0,0,0,0,1,0,3,0,0,1,0,1504427
"671","wtnE5ZvR2SAyQFs",52,"Female","1",24,"deck5","deck3","P-NP",82,3297.38500004169,15,"parity",6,69,906.380000058562,"Yes","Somewhat.","I liked the decks with the progress bar.","Yes. There were definite patterns in most of the decks.","Yes, the decks that alternated colors were the most difficult for me,",3,7,9,1,2,6,3,3,0,0,0,3,0,2,0,4,4,0,3,4,4,0,1,3,0,0,0,2,0,0,0,2,0,0,2,0,0,0,0,2,0,0,0,0,1,0,3,0,0,1,0,1505835
"672","wtnE5ZvR2SAyQFs",52,"Female","1",24,"deck5","deck3","P-NP",82,3297.38500004169,16,"magnitude",8,73,850.349999964237,"Yes","Somewhat.","I liked the decks with the progress bar.","Yes. There were definite patterns in most of the decks.","Yes, the decks that alternated colors were the most difficult for me,",3,7,9,1,2,6,3,3,0,0,0,3,0,2,0,4,4,0,3,4,4,0,1,3,0,0,0,2,0,0,0,2,0,0,2,0,0,0,0,2,0,0,0,0,1,0,3,0,0,1,0,1507187
"673","wtnE5ZvR2SAyQFs",52,"Female","1",25,"deck4","deck5","P-P",76,4145.1399999205,1,"parity",2,69,1737.97999997623,"Yes","Somewhat.","I liked the decks with the progress bar.","Yes. There were definite patterns in most of the decks.","Yes, the decks that alternated colors were the most difficult for me,",3,7,9,1,2,6,3,3,0,0,0,3,0,2,0,4,4,0,3,4,4,0,1,3,0,0,0,2,0,0,0,2,0,0,2,0,0,0,0,2,0,0,0,0,1,0,3,0,0,1,0,1514578
"674","wtnE5ZvR2SAyQFs",52,"Female","1",25,"deck4","deck5","P-P",76,4145.1399999205,2,"parity",9,73,810.149999917485,"Yes","Somewhat.","I liked the decks with the progress bar.","Yes. There were definite patterns in most of the decks.","Yes, the decks that alternated colors were the most difficult for me,",3,7,9,1,2,6,3,3,0,0,0,3,0,2,0,4,4,0,3,4,4,0,1,3,0,0,0,2,0,0,0,2,0,0,2,0,0,0,0,2,0,0,0,0,1,0,3,0,0,1,0,1515890
"675","wtnE5ZvR2SAyQFs",52,"Female","1",25,"deck4","deck5","P-P",76,4145.1399999205,3,"magnitude",4,69,1674.69499993604,"Yes","Somewhat.","I liked the decks with the progress bar.","Yes. There were definite patterns in most of the decks.","Yes, the decks that alternated colors were the most difficult for me,",3,7,9,1,2,6,3,3,0,0,0,3,0,2,0,4,4,0,3,4,4,0,1,3,0,0,0,2,0,0,0,2,0,0,2,0,0,0,0,2,0,0,0,0,1,0,3,0,0,1,0,1518066
"676","wtnE5ZvR2SAyQFs",52,"Female","1",25,"deck4","deck5","P-P",76,4145.1399999205,4,"magnitude",7,73,591.4000000339,"Yes","Somewhat.","I liked the decks with the progress bar.","Yes. There were definite patterns in most of the decks.","Yes, the decks that alternated colors were the most difficult for me,",3,7,9,1,2,6,3,3,0,0,0,3,0,2,0,4,4,0,3,4,4,0,1,3,0,0,0,2,0,0,0,2,0,0,2,0,0,0,0,2,0,0,0,0,1,0,3,0,0,1,0,1519162
"677","wtnE5ZvR2SAyQFs",52,"Female","1",25,"deck4","deck5","P-P",76,4145.1399999205,5,"magnitude",7,73,626.444999943487,"Yes","Somewhat.","I liked the decks with the progress bar.","Yes. There were definite patterns in most of the decks.","Yes, the decks that alternated colors were the most difficult for me,",3,7,9,1,2,6,3,3,0,0,0,3,0,2,0,4,4,0,3,4,4,0,1,3,0,0,0,2,0,0,0,2,0,0,2,0,0,0,0,2,0,0,0,0,1,0,3,0,0,1,0,1520290
"678","wtnE5ZvR2SAyQFs",52,"Female","1",25,"deck4","deck5","P-P",76,4145.1399999205,6,"parity",7,69,786.270000040531,"Yes","Somewhat.","I liked the decks with the progress bar.","Yes. There were definite patterns in most of the decks.","Yes, the decks that alternated colors were the most difficult for me,",3,7,9,1,2,6,3,3,0,0,0,3,0,2,0,4,4,0,3,4,4,0,1,3,0,0,0,2,0,0,0,2,0,0,2,0,0,0,0,2,0,0,0,0,1,0,3,0,0,1,0,1521578
"679","wtnE5ZvR2SAyQFs",52,"Female","1",25,"deck4","deck5","P-P",76,4145.1399999205,7,"parity",1,73,1057.78999999166,"Yes","Somewhat.","I liked the decks with the progress bar.","Yes. There were definite patterns in most of the decks.","Yes, the decks that alternated colors were the most difficult for me,",3,7,9,1,2,6,3,3,0,0,0,3,0,2,0,4,4,0,3,4,4,0,1,3,0,0,0,2,0,0,0,2,0,0,2,0,0,0,0,2,0,0,0,0,1,0,3,0,0,1,0,1523138
"680","wtnE5ZvR2SAyQFs",52,"Female","1",25,"deck4","deck5","P-P",76,4145.1399999205,8,"parity",7,73,657.825000002049,"Yes","Somewhat.","I liked the decks with the progress bar.","Yes. There were definite patterns in most of the decks.","Yes, the decks that alternated colors were the most difficult for me,",3,7,9,1,2,6,3,3,0,0,0,3,0,2,0,4,4,0,3,4,4,0,1,3,0,0,0,2,0,0,0,2,0,0,2,0,0,0,0,2,0,0,0,0,1,0,3,0,0,1,0,1524298
"681","wtnE5ZvR2SAyQFs",52,"Female","1",25,"deck4","deck5","P-P",76,4145.1399999205,9,"parity",1,73,658.605000004172,"Yes","Somewhat.","I liked the decks with the progress bar.","Yes. There were definite patterns in most of the decks.","Yes, the decks that alternated colors were the most difficult for me,",3,7,9,1,2,6,3,3,0,0,0,3,0,2,0,4,4,0,3,4,4,0,1,3,0,0,0,2,0,0,0,2,0,0,2,0,0,0,0,2,0,0,0,0,1,0,3,0,0,1,0,1525458
"682","wtnE5ZvR2SAyQFs",52,"Female","1",25,"deck4","deck5","P-P",76,4145.1399999205,10,"parity",3,73,666.689999983646,"Yes","Somewhat.","I liked the decks with the progress bar.","Yes. There were definite patterns in most of the decks.","Yes, the decks that alternated colors were the most difficult for me,",3,7,9,1,2,6,3,3,0,0,0,3,0,2,0,4,4,0,3,4,4,0,1,3,0,0,0,2,0,0,0,2,0,0,2,0,0,0,0,2,0,0,0,0,1,0,3,0,0,1,0,1526626
"683","wtnE5ZvR2SAyQFs",52,"Female","1",25,"deck4","deck5","P-P",76,4145.1399999205,11,"parity",4,69,490.975000080653,"Yes","Somewhat.","I liked the decks with the progress bar.","Yes. There were definite patterns in most of the decks.","Yes, the decks that alternated colors were the most difficult for me,",3,7,9,1,2,6,3,3,0,0,0,3,0,2,0,4,4,0,3,4,4,0,1,3,0,0,0,2,0,0,0,2,0,0,2,0,0,0,0,2,0,0,0,0,1,0,3,0,0,1,0,1527619
"684","wtnE5ZvR2SAyQFs",52,"Female","1",25,"deck4","deck5","P-P",76,4145.1399999205,12,"parity",8,69,664.950000005774,"Yes","Somewhat.","I liked the decks with the progress bar.","Yes. There were definite patterns in most of the decks.","Yes, the decks that alternated colors were the most difficult for me,",3,7,9,1,2,6,3,3,0,0,0,3,0,2,0,4,4,0,3,4,4,0,1,3,0,0,0,2,0,0,0,2,0,0,2,0,0,0,0,2,0,0,0,0,1,0,3,0,0,1,0,1528786
"685","wtnE5ZvR2SAyQFs",52,"Female","1",25,"deck4","deck5","P-P",76,4145.1399999205,13,"parity",6,69,585.175000014715,"Yes","Somewhat.","I liked the decks with the progress bar.","Yes. There were definite patterns in most of the decks.","Yes, the decks that alternated colors were the most difficult for me,",3,7,9,1,2,6,3,3,0,0,0,3,0,2,0,4,4,0,3,4,4,0,1,3,0,0,0,2,0,0,0,2,0,0,2,0,0,0,0,2,0,0,0,0,1,0,3,0,0,1,0,1529874
"686","wtnE5ZvR2SAyQFs",52,"Female","1",25,"deck4","deck5","P-P",76,4145.1399999205,14,"parity",2,69,658.809999935329,"Yes","Somewhat.","I liked the decks with the progress bar.","Yes. There were definite patterns in most of the decks.","Yes, the decks that alternated colors were the most difficult for me,",3,7,9,1,2,6,3,3,0,0,0,3,0,2,0,4,4,0,3,4,4,0,1,3,0,0,0,2,0,0,0,2,0,0,2,0,0,0,0,2,0,0,0,0,1,0,3,0,0,1,0,1531034
"687","wtnE5ZvR2SAyQFs",52,"Female","1",25,"deck4","deck5","P-P",76,4145.1399999205,15,"parity",6,69,1338.51499995217,"Yes","Somewhat.","I liked the decks with the progress bar.","Yes. There were definite patterns in most of the decks.","Yes, the decks that alternated colors were the most difficult for me,",3,7,9,1,2,6,3,3,0,0,0,3,0,2,0,4,4,0,3,4,4,0,1,3,0,0,0,2,0,0,0,2,0,0,2,0,0,0,0,2,0,0,0,0,1,0,3,0,0,1,0,1532874
"688","wtnE5ZvR2SAyQFs",52,"Female","1",25,"deck4","deck5","P-P",76,4145.1399999205,16,"parity",9,73,602.31499990914,"Yes","Somewhat.","I liked the decks with the progress bar.","Yes. There were definite patterns in most of the decks.","Yes, the decks that alternated colors were the most difficult for me,",3,7,9,1,2,6,3,3,0,0,0,3,0,2,0,4,4,0,3,4,4,0,1,3,0,0,0,2,0,0,0,2,0,0,2,0,0,0,0,2,0,0,0,0,1,0,3,0,0,1,0,1533978
"689","wtnE5ZvR2SAyQFs",52,"Female","1",26,"deck2","deck5","P-NP",82,2634.03999991715,1,"parity",9,73,2396.06499997899,"Yes","Somewhat.","I liked the decks with the progress bar.","Yes. There were definite patterns in most of the decks.","Yes, the decks that alternated colors were the most difficult for me,",3,7,9,1,2,6,3,3,0,0,0,3,0,2,0,4,4,0,3,4,4,0,1,3,0,0,0,2,0,0,0,2,0,0,2,0,0,0,0,2,0,0,0,0,1,0,3,0,0,1,0,1540514
"690","wtnE5ZvR2SAyQFs",52,"Female","1",26,"deck2","deck5","P-NP",82,2634.03999991715,2,"magnitude",6,69,602.094999980181,"Yes","Somewhat.","I liked the decks with the progress bar.","Yes. There were definite patterns in most of the decks.","Yes, the decks that alternated colors were the most difficult for me,",3,7,9,1,2,6,3,3,0,0,0,3,0,2,0,4,4,0,3,4,4,0,1,3,0,0,0,2,0,0,0,2,0,0,2,0,0,0,0,2,0,0,0,0,1,0,3,0,0,1,0,1541618
"691","wtnE5ZvR2SAyQFs",52,"Female","1",26,"deck2","deck5","P-NP",82,2634.03999991715,3,"magnitude",8,73,818.145000026561,"Yes","Somewhat.","I liked the decks with the progress bar.","Yes. There were definite patterns in most of the decks.","Yes, the decks that alternated colors were the most difficult for me,",3,7,9,1,2,6,3,3,0,0,0,3,0,2,0,4,4,0,3,4,4,0,1,3,0,0,0,2,0,0,0,2,0,0,2,0,0,0,0,2,0,0,0,0,1,0,3,0,0,1,0,1542938
"692","wtnE5ZvR2SAyQFs",52,"Female","1",26,"deck2","deck5","P-NP",82,2634.03999991715,4,"parity",4,69,841.840000008233,"Yes","Somewhat.","I liked the decks with the progress bar.","Yes. There were definite patterns in most of the decks.","Yes, the decks that alternated colors were the most difficult for me,",3,7,9,1,2,6,3,3,0,0,0,3,0,2,0,4,4,0,3,4,4,0,1,3,0,0,0,2,0,0,0,2,0,0,2,0,0,0,0,2,0,0,0,0,1,0,3,0,0,1,0,1544282
"693","wtnE5ZvR2SAyQFs",52,"Female","1",26,"deck2","deck5","P-NP",82,2634.03999991715,5,"magnitude",9,73,571.17000001017,"Yes","Somewhat.","I liked the decks with the progress bar.","Yes. There were definite patterns in most of the decks.","Yes, the decks that alternated colors were the most difficult for me,",3,7,9,1,2,6,3,3,0,0,0,3,0,2,0,4,4,0,3,4,4,0,1,3,0,0,0,2,0,0,0,2,0,0,2,0,0,0,0,2,0,0,0,0,1,0,3,0,0,1,0,1545354
"694","wtnE5ZvR2SAyQFs",52,"Female","1",26,"deck2","deck5","P-NP",82,2634.03999991715,6,"parity",6,69,729.749999940395,"Yes","Somewhat.","I liked the decks with the progress bar.","Yes. There were definite patterns in most of the decks.","Yes, the decks that alternated colors were the most difficult for me,",3,7,9,1,2,6,3,3,0,0,0,3,0,2,0,4,4,0,3,4,4,0,1,3,0,0,0,2,0,0,0,2,0,0,2,0,0,0,0,2,0,0,0,0,1,0,3,0,0,1,0,1546586
"695","wtnE5ZvR2SAyQFs",52,"Female","1",26,"deck2","deck5","P-NP",82,2634.03999991715,7,"parity",8,69,626.129999989644,"Yes","Somewhat.","I liked the decks with the progress bar.","Yes. There were definite patterns in most of the decks.","Yes, the decks that alternated colors were the most difficult for me,",3,7,9,1,2,6,3,3,0,0,0,3,0,2,0,4,4,0,3,4,4,0,1,3,0,0,0,2,0,0,0,2,0,0,2,0,0,0,0,2,0,0,0,0,1,0,3,0,0,1,0,1547714
"696","wtnE5ZvR2SAyQFs",52,"Female","1",26,"deck2","deck5","P-NP",82,2634.03999991715,8,"magnitude",2,69,633.350000018254,"Yes","Somewhat.","I liked the decks with the progress bar.","Yes. There were definite patterns in most of the decks.","Yes, the decks that alternated colors were the most difficult for me,",3,7,9,1,2,6,3,3,0,0,0,3,0,2,0,4,4,0,3,4,4,0,1,3,0,0,0,2,0,0,0,2,0,0,2,0,0,0,0,2,0,0,0,0,1,0,3,0,0,1,0,1548850
"697","wtnE5ZvR2SAyQFs",52,"Female","1",26,"deck2","deck5","P-NP",82,2634.03999991715,9,"magnitude",7,73,554.234999930486,"Yes","Somewhat.","I liked the decks with the progress bar.","Yes. There were definite patterns in most of the decks.","Yes, the decks that alternated colors were the most difficult for me,",3,7,9,1,2,6,3,3,0,0,0,3,0,2,0,4,4,0,3,4,4,0,1,3,0,0,0,2,0,0,0,2,0,0,2,0,0,0,0,2,0,0,0,0,1,0,3,0,0,1,0,1549906
"698","wtnE5ZvR2SAyQFs",52,"Female","1",26,"deck2","deck5","P-NP",82,2634.03999991715,10,"parity",4,69,666.889999993145,"Yes","Somewhat.","I liked the decks with the progress bar.","Yes. There were definite patterns in most of the decks.","Yes, the decks that alternated colors were the most difficult for me,",3,7,9,1,2,6,3,3,0,0,0,3,0,2,0,4,4,0,3,4,4,0,1,3,0,0,0,2,0,0,0,2,0,0,2,0,0,0,0,2,0,0,0,0,1,0,3,0,0,1,0,1551074
"699","wtnE5ZvR2SAyQFs",52,"Female","1",26,"deck2","deck5","P-NP",82,2634.03999991715,11,"parity",6,69,610.699999961071,"Yes","Somewhat.","I liked the decks with the progress bar.","Yes. There were definite patterns in most of the decks.","Yes, the decks that alternated colors were the most difficult for me,",3,7,9,1,2,6,3,3,0,0,0,3,0,2,0,4,4,0,3,4,4,0,1,3,0,0,0,2,0,0,0,2,0,0,2,0,0,0,0,2,0,0,0,0,1,0,3,0,0,1,0,1552186
"700","wtnE5ZvR2SAyQFs",52,"Female","1",26,"deck2","deck5","P-NP",82,2634.03999991715,12,"parity",1,73,586.334999999963,"Yes","Somewhat.","I liked the decks with the progress bar.","Yes. There were definite patterns in most of the decks.","Yes, the decks that alternated colors were the most difficult for me,",3,7,9,1,2,6,3,3,0,0,0,3,0,2,0,4,4,0,3,4,4,0,1,3,0,0,0,2,0,0,0,2,0,0,2,0,0,0,0,2,0,0,0,0,1,0,3,0,0,1,0,1553274
"701","wtnE5ZvR2SAyQFs",52,"Female","1",26,"deck2","deck5","P-NP",82,2634.03999991715,13,"parity",4,69,634.324999991804,"Yes","Somewhat.","I liked the decks with the progress bar.","Yes. There were definite patterns in most of the decks.","Yes, the decks that alternated colors were the most difficult for me,",3,7,9,1,2,6,3,3,0,0,0,3,0,2,0,4,4,0,3,4,4,0,1,3,0,0,0,2,0,0,0,2,0,0,2,0,0,0,0,2,0,0,0,0,1,0,3,0,0,1,0,1554410
"702","wtnE5ZvR2SAyQFs",52,"Female","1",26,"deck2","deck5","P-NP",82,2634.03999991715,14,"magnitude",8,73,801.699999952689,"Yes","Somewhat.","I liked the decks with the progress bar.","Yes. There were definite patterns in most of the decks.","Yes, the decks that alternated colors were the most difficult for me,",3,7,9,1,2,6,3,3,0,0,0,3,0,2,0,4,4,0,3,4,4,0,1,3,0,0,0,2,0,0,0,2,0,0,2,0,0,0,0,2,0,0,0,0,1,0,3,0,0,1,0,1555714
"703","wtnE5ZvR2SAyQFs",52,"Female","1",26,"deck2","deck5","P-NP",82,2634.03999991715,15,"parity",1,73,938.8349999208,"Yes","Somewhat.","I liked the decks with the progress bar.","Yes. There were definite patterns in most of the decks.","Yes, the decks that alternated colors were the most difficult for me,",3,7,9,1,2,6,3,3,0,0,0,3,0,2,0,4,4,0,3,4,4,0,1,3,0,0,0,2,0,0,0,2,0,0,2,0,0,0,0,2,0,0,0,0,1,0,3,0,0,1,0,1557154
"704","wtnE5ZvR2SAyQFs",52,"Female","1",26,"deck2","deck5","P-NP",82,2634.03999991715,16,"parity",9,73,842.969999997877,"Yes","Somewhat.","I liked the decks with the progress bar.","Yes. There were definite patterns in most of the decks.","Yes, the decks that alternated colors were the most difficult for me,",3,7,9,1,2,6,3,3,0,0,0,3,0,2,0,4,4,0,3,4,4,0,1,3,0,0,0,2,0,0,0,2,0,0,2,0,0,0,0,2,0,0,0,0,1,0,3,0,0,1,0,1558498
"705","wtnE5ZvR2SAyQFs",52,"Female","1",27,"deck6","deck4","P-P",82,3169.56499998923,1,"parity",1,73,1162.37500007264,"Yes","Somewhat.","I liked the decks with the progress bar.","Yes. There were definite patterns in most of the decks.","Yes, the decks that alternated colors were the most difficult for me,",3,7,9,1,2,6,3,3,0,0,0,3,0,2,0,4,4,0,3,4,4,0,1,3,0,0,0,2,0,0,0,2,0,0,2,0,0,0,0,2,0,0,0,0,1,0,3,0,0,1,0,1564337
"706","wtnE5ZvR2SAyQFs",52,"Female","1",27,"deck6","deck4","P-P",82,3169.56499998923,2,"magnitude",6,73,834.09500005655,"Yes","Somewhat.","I liked the decks with the progress bar.","Yes. There were definite patterns in most of the decks.","Yes, the decks that alternated colors were the most difficult for me,",3,7,9,1,2,6,3,3,0,0,0,3,0,2,0,4,4,0,3,4,4,0,1,3,0,0,0,2,0,0,0,2,0,0,2,0,0,0,0,2,0,0,0,0,1,0,3,0,0,1,0,1565673
"707","wtnE5ZvR2SAyQFs",52,"Female","1",27,"deck6","deck4","P-P",82,3169.56499998923,3,"magnitude",6,73,666.145000024699,"Yes","Somewhat.","I liked the decks with the progress bar.","Yes. There were definite patterns in most of the decks.","Yes, the decks that alternated colors were the most difficult for me,",3,7,9,1,2,6,3,3,0,0,0,3,0,2,0,4,4,0,3,4,4,0,1,3,0,0,0,2,0,0,0,2,0,0,2,0,0,0,0,2,0,0,0,0,1,0,3,0,0,1,0,1566841
"708","wtnE5ZvR2SAyQFs",52,"Female","1",27,"deck6","deck4","P-P",82,3169.56499998923,4,"magnitude",6,73,633.865000098012,"Yes","Somewhat.","I liked the decks with the progress bar.","Yes. There were definite patterns in most of the decks.","Yes, the decks that alternated colors were the most difficult for me,",3,7,9,1,2,6,3,3,0,0,0,3,0,2,0,4,4,0,3,4,4,0,1,3,0,0,0,2,0,0,0,2,0,0,2,0,0,0,0,2,0,0,0,0,1,0,3,0,0,1,0,1567977
"709","wtnE5ZvR2SAyQFs",52,"Female","1",27,"deck6","deck4","P-P",82,3169.56499998923,5,"magnitude",6,73,618.784999940544,"Yes","Somewhat.","I liked the decks with the progress bar.","Yes. There were definite patterns in most of the decks.","Yes, the decks that alternated colors were the most difficult for me,",3,7,9,1,2,6,3,3,0,0,0,3,0,2,0,4,4,0,3,4,4,0,1,3,0,0,0,2,0,0,0,2,0,0,2,0,0,0,0,2,0,0,0,0,1,0,3,0,0,1,0,1569098
"710","wtnE5ZvR2SAyQFs",52,"Female","1",27,"deck6","deck4","P-P",82,3169.56499998923,6,"magnitude",3,69,1106.26000002958,"Yes","Somewhat.","I liked the decks with the progress bar.","Yes. There were definite patterns in most of the decks.","Yes, the decks that alternated colors were the most difficult for me,",3,7,9,1,2,6,3,3,0,0,0,3,0,2,0,4,4,0,3,4,4,0,1,3,0,0,0,2,0,0,0,2,0,0,2,0,0,0,0,2,0,0,0,0,1,0,3,0,0,1,0,1570705
"711","wtnE5ZvR2SAyQFs",52,"Female","1",27,"deck6","deck4","P-P",82,3169.56499998923,7,"magnitude",4,69,562.159999972209,"Yes","Somewhat.","I liked the decks with the progress bar.","Yes. There were definite patterns in most of the decks.","Yes, the decks that alternated colors were the most difficult for me,",3,7,9,1,2,6,3,3,0,0,0,3,0,2,0,4,4,0,3,4,4,0,1,3,0,0,0,2,0,0,0,2,0,0,2,0,0,0,0,2,0,0,0,0,1,0,3,0,0,1,0,1571769
"712","wtnE5ZvR2SAyQFs",52,"Female","1",27,"deck6","deck4","P-P",82,3169.56499998923,8,"magnitude",7,73,562.464999966323,"Yes","Somewhat.","I liked the decks with the progress bar.","Yes. There were definite patterns in most of the decks.","Yes, the decks that alternated colors were the most difficult for me,",3,7,9,1,2,6,3,3,0,0,0,3,0,2,0,4,4,0,3,4,4,0,1,3,0,0,0,2,0,0,0,2,0,0,2,0,0,0,0,2,0,0,0,0,1,0,3,0,0,1,0,1572834
"713","wtnE5ZvR2SAyQFs",52,"Female","1",27,"deck6","deck4","P-P",82,3169.56499998923,9,"magnitude",2,69,626.509999972768,"Yes","Somewhat.","I liked the decks with the progress bar.","Yes. There were definite patterns in most of the decks.","Yes, the decks that alternated colors were the most difficult for me,",3,7,9,1,2,6,3,3,0,0,0,3,0,2,0,4,4,0,3,4,4,0,1,3,0,0,0,2,0,0,0,2,0,0,2,0,0,0,0,2,0,0,0,0,1,0,3,0,0,1,0,1573962
"714","wtnE5ZvR2SAyQFs",52,"Female","1",27,"deck6","deck4","P-P",82,3169.56499998923,10,"magnitude",2,69,586.52000001166,"Yes","Somewhat.","I liked the decks with the progress bar.","Yes. There were definite patterns in most of the decks.","Yes, the decks that alternated colors were the most difficult for me,",3,7,9,1,2,6,3,3,0,0,0,3,0,2,0,4,4,0,3,4,4,0,1,3,0,0,0,2,0,0,0,2,0,0,2,0,0,0,0,2,0,0,0,0,1,0,3,0,0,1,0,1575050
"715","wtnE5ZvR2SAyQFs",52,"Female","1",27,"deck6","deck4","P-P",82,3169.56499998923,11,"magnitude",3,69,682.465000078082,"Yes","Somewhat.","I liked the decks with the progress bar.","Yes. There were definite patterns in most of the decks.","Yes, the decks that alternated colors were the most difficult for me,",3,7,9,1,2,6,3,3,0,0,0,3,0,2,0,4,4,0,3,4,4,0,1,3,0,0,0,2,0,0,0,2,0,0,2,0,0,0,0,2,0,0,0,0,1,0,3,0,0,1,0,1576234
"716","wtnE5ZvR2SAyQFs",52,"Female","1",27,"deck6","deck4","P-P",82,3169.56499998923,12,"magnitude",6,69,681.875000009313,"Yes","Somewhat.","I liked the decks with the progress bar.","Yes. There were definite patterns in most of the decks.","Yes, the decks that alternated colors were the most difficult for me,",3,7,9,1,2,6,3,3,0,0,0,3,0,2,0,4,4,0,3,4,4,0,1,3,0,0,0,2,0,0,0,2,0,0,2,0,0,0,0,2,0,0,0,0,1,0,3,0,0,1,0,1577418
"717","wtnE5ZvR2SAyQFs",52,"Female","1",27,"deck6","deck4","P-P",82,3169.56499998923,13,"magnitude",2,69,594.900000025518,"Yes","Somewhat.","I liked the decks with the progress bar.","Yes. There were definite patterns in most of the decks.","Yes, the decks that alternated colors were the most difficult for me,",3,7,9,1,2,6,3,3,0,0,0,3,0,2,0,4,4,0,3,4,4,0,1,3,0,0,0,2,0,0,0,2,0,0,2,0,0,0,0,2,0,0,0,0,1,0,3,0,0,1,0,1578514
"718","wtnE5ZvR2SAyQFs",52,"Female","1",27,"deck6","deck4","P-P",82,3169.56499998923,14,"magnitude",7,73,596.655000001192,"Yes","Somewhat.","I liked the decks with the progress bar.","Yes. There were definite patterns in most of the decks.","Yes, the decks that alternated colors were the most difficult for me,",3,7,9,1,2,6,3,3,0,0,0,3,0,2,0,4,4,0,3,4,4,0,1,3,0,0,0,2,0,0,0,2,0,0,2,0,0,0,0,2,0,0,0,0,1,0,3,0,0,1,0,1579626
"719","wtnE5ZvR2SAyQFs",52,"Female","1",27,"deck6","deck4","P-P",82,3169.56499998923,15,"parity",8,69,698.459999985062,"Yes","Somewhat.","I liked the decks with the progress bar.","Yes. There were definite patterns in most of the decks.","Yes, the decks that alternated colors were the most difficult for me,",3,7,9,1,2,6,3,3,0,0,0,3,0,2,0,4,4,0,3,4,4,0,1,3,0,0,0,2,0,0,0,2,0,0,2,0,0,0,0,2,0,0,0,0,1,0,3,0,0,1,0,1580826
"720","wtnE5ZvR2SAyQFs",52,"Female","1",27,"deck6","deck4","P-P",82,3169.56499998923,16,"parity",1,73,762.474999995902,"Yes","Somewhat.","I liked the decks with the progress bar.","Yes. There were definite patterns in most of the decks.","Yes, the decks that alternated colors were the most difficult for me,",3,7,9,1,2,6,3,3,0,0,0,3,0,2,0,4,4,0,3,4,4,0,1,3,0,0,0,2,0,0,0,2,0,0,2,0,0,0,0,2,0,0,0,0,1,0,3,0,0,1,0,1582091
"721","wtnE5ZvR2SAyQFs",52,"Female","1",28,"deck2","deck4","P-NP",82,3774.82000004966,1,"parity",9,73,939.314999966882,"Yes","Somewhat.","I liked the decks with the progress bar.","Yes. There were definite patterns in most of the decks.","Yes, the decks that alternated colors were the most difficult for me,",3,7,9,1,2,6,3,3,0,0,0,3,0,2,0,4,4,0,3,4,4,0,1,3,0,0,0,2,0,0,0,2,0,0,2,0,0,0,0,2,0,0,0,0,1,0,3,0,0,1,0,1588314
"722","wtnE5ZvR2SAyQFs",52,"Female","1",28,"deck2","deck4","P-NP",82,3774.82000004966,2,"parity",4,69,601.844999939203,"Yes","Somewhat.","I liked the decks with the progress bar.","Yes. There were definite patterns in most of the decks.","Yes, the decks that alternated colors were the most difficult for me,",3,7,9,1,2,6,3,3,0,0,0,3,0,2,0,4,4,0,3,4,4,0,1,3,0,0,0,2,0,0,0,2,0,0,2,0,0,0,0,2,0,0,0,0,1,0,3,0,0,1,0,1589417
"723","wtnE5ZvR2SAyQFs",52,"Female","1",28,"deck2","deck4","P-NP",82,3774.82000004966,3,"parity",4,69,604.395000031218,"Yes","Somewhat.","I liked the decks with the progress bar.","Yes. There were definite patterns in most of the decks.","Yes, the decks that alternated colors were the most difficult for me,",3,7,9,1,2,6,3,3,0,0,0,3,0,2,0,4,4,0,3,4,4,0,1,3,0,0,0,2,0,0,0,2,0,0,2,0,0,0,0,2,0,0,0,0,1,0,3,0,0,1,0,1590524
"724","wtnE5ZvR2SAyQFs",52,"Female","1",28,"deck2","deck4","P-NP",82,3774.82000004966,4,"parity",9,73,542.589999968186,"Yes","Somewhat.","I liked the decks with the progress bar.","Yes. There were definite patterns in most of the decks.","Yes, the decks that alternated colors were the most difficult for me,",3,7,9,1,2,6,3,3,0,0,0,3,0,2,0,4,4,0,3,4,4,0,1,3,0,0,0,2,0,0,0,2,0,0,2,0,0,0,0,2,0,0,0,0,1,0,3,0,0,1,0,1591569
"725","wtnE5ZvR2SAyQFs",52,"Female","1",28,"deck2","deck4","P-NP",82,3774.82000004966,5,"parity",3,73,1018.39000009932,"Yes","Somewhat.","I liked the decks with the progress bar.","Yes. There were definite patterns in most of the decks.","Yes, the decks that alternated colors were the most difficult for me,",3,7,9,1,2,6,3,3,0,0,0,3,0,2,0,4,4,0,3,4,4,0,1,3,0,0,0,2,0,0,0,2,0,0,2,0,0,0,0,2,0,0,0,0,1,0,3,0,0,1,0,1593090
"726","wtnE5ZvR2SAyQFs",52,"Female","1",28,"deck2","deck4","P-NP",82,3774.82000004966,6,"parity",3,73,610.279999906197,"Yes","Somewhat.","I liked the decks with the progress bar.","Yes. There were definite patterns in most of the decks.","Yes, the decks that alternated colors were the most difficult for me,",3,7,9,1,2,6,3,3,0,0,0,3,0,2,0,4,4,0,3,4,4,0,1,3,0,0,0,2,0,0,0,2,0,0,2,0,0,0,0,2,0,0,0,0,1,0,3,0,0,1,0,1594201
"727","wtnE5ZvR2SAyQFs",52,"Female","1",28,"deck2","deck4","P-NP",82,3774.82000004966,7,"parity",1,73,585.770000005141,"Yes","Somewhat.","I liked the decks with the progress bar.","Yes. There were definite patterns in most of the decks.","Yes, the decks that alternated colors were the most difficult for me,",3,7,9,1,2,6,3,3,0,0,0,3,0,2,0,4,4,0,3,4,4,0,1,3,0,0,0,2,0,0,0,2,0,0,2,0,0,0,0,2,0,0,0,0,1,0,3,0,0,1,0,1595289
"728","wtnE5ZvR2SAyQFs",52,"Female","1",28,"deck2","deck4","P-NP",82,3774.82000004966,8,"parity",8,69,706.550000002608,"Yes","Somewhat.","I liked the decks with the progress bar.","Yes. There were definite patterns in most of the decks.","Yes, the decks that alternated colors were the most difficult for me,",3,7,9,1,2,6,3,3,0,0,0,3,0,2,0,4,4,0,3,4,4,0,1,3,0,0,0,2,0,0,0,2,0,0,2,0,0,0,0,2,0,0,0,0,1,0,3,0,0,1,0,1596497
"729","wtnE5ZvR2SAyQFs",52,"Female","1",28,"deck2","deck4","P-NP",82,3774.82000004966,9,"magnitude",2,69,730.005000019446,"Yes","Somewhat.","I liked the decks with the progress bar.","Yes. There were definite patterns in most of the decks.","Yes, the decks that alternated colors were the most difficult for me,",3,7,9,1,2,6,3,3,0,0,0,3,0,2,0,4,4,0,3,4,4,0,1,3,0,0,0,2,0,0,0,2,0,0,2,0,0,0,0,2,0,0,0,0,1,0,3,0,0,1,0,1597729
"730","wtnE5ZvR2SAyQFs",52,"Female","1",28,"deck2","deck4","P-NP",82,3774.82000004966,10,"magnitude",7,73,530.110000050627,"Yes","Somewhat.","I liked the decks with the progress bar.","Yes. There were definite patterns in most of the decks.","Yes, the decks that alternated colors were the most difficult for me,",3,7,9,1,2,6,3,3,0,0,0,3,0,2,0,4,4,0,3,4,4,0,1,3,0,0,0,2,0,0,0,2,0,0,2,0,0,0,0,2,0,0,0,0,1,0,3,0,0,1,0,1598761
"731","wtnE5ZvR2SAyQFs",52,"Female","1",28,"deck2","deck4","P-NP",82,3774.82000004966,11,"parity",6,69,985.144999925978,"Yes","Somewhat.","I liked the decks with the progress bar.","Yes. There were definite patterns in most of the decks.","Yes, the decks that alternated colors were the most difficult for me,",3,7,9,1,2,6,3,3,0,0,0,3,0,2,0,4,4,0,3,4,4,0,1,3,0,0,0,2,0,0,0,2,0,0,2,0,0,0,0,2,0,0,0,0,1,0,3,0,0,1,0,1600250
"732","wtnE5ZvR2SAyQFs",52,"Female","1",28,"deck2","deck4","P-NP",82,3774.82000004966,12,"parity",9,73,682.540000067092,"Yes","Somewhat.","I liked the decks with the progress bar.","Yes. There were definite patterns in most of the decks.","Yes, the decks that alternated colors were the most difficult for me,",3,7,9,1,2,6,3,3,0,0,0,3,0,2,0,4,4,0,3,4,4,0,1,3,0,0,0,2,0,0,0,2,0,0,2,0,0,0,0,2,0,0,0,0,1,0,3,0,0,1,0,1601434
"733","wtnE5ZvR2SAyQFs",52,"Female","1",28,"deck2","deck4","P-NP",82,3774.82000004966,13,"parity",3,73,1161.90999990795,"Yes","Somewhat.","I liked the decks with the progress bar.","Yes. There were definite patterns in most of the decks.","Yes, the decks that alternated colors were the most difficult for me,",3,7,9,1,2,6,3,3,0,0,0,3,0,2,0,4,4,0,3,4,4,0,1,3,0,0,0,2,0,0,0,2,0,0,2,0,0,0,0,2,0,0,0,0,1,0,3,0,0,1,0,1603097
"734","wtnE5ZvR2SAyQFs",52,"Female","1",28,"deck2","deck4","P-NP",82,3774.82000004966,14,"parity",8,69,609.865000005811,"Yes","Somewhat.","I liked the decks with the progress bar.","Yes. There were definite patterns in most of the decks.","Yes, the decks that alternated colors were the most difficult for me,",3,7,9,1,2,6,3,3,0,0,0,3,0,2,0,4,4,0,3,4,4,0,1,3,0,0,0,2,0,0,0,2,0,0,2,0,0,0,0,2,0,0,0,0,1,0,3,0,0,1,0,1604209
"735","wtnE5ZvR2SAyQFs",52,"Female","1",28,"deck2","deck4","P-NP",82,3774.82000004966,15,"parity",3,73,634.534999961033,"Yes","Somewhat.","I liked the decks with the progress bar.","Yes. There were definite patterns in most of the decks.","Yes, the decks that alternated colors were the most difficult for me,",3,7,9,1,2,6,3,3,0,0,0,3,0,2,0,4,4,0,3,4,4,0,1,3,0,0,0,2,0,0,0,2,0,0,2,0,0,0,0,2,0,0,0,0,1,0,3,0,0,1,0,1605345
"736","wtnE5ZvR2SAyQFs",52,"Female","1",28,"deck2","deck4","P-NP",82,3774.82000004966,16,"parity",2,69,706.090000108816,"Yes","Somewhat.","I liked the decks with the progress bar.","Yes. There were definite patterns in most of the decks.","Yes, the decks that alternated colors were the most difficult for me,",3,7,9,1,2,6,3,3,0,0,0,3,0,2,0,4,4,0,3,4,4,0,1,3,0,0,0,2,0,0,0,2,0,0,2,0,0,0,0,2,0,0,0,0,1,0,3,0,0,1,0,1606553
"737","wtnE5ZvR2SAyQFs",52,"Female","2",29,"deck5","deck2","P-NP",82,2137.59499997832,1,"parity",4,69,2112.72999993525,"Yes","Somewhat.","I liked the decks with the progress bar.","Yes. There were definite patterns in most of the decks.","Yes, the decks that alternated colors were the most difficult for me,",3,7,9,1,2,6,3,3,0,0,0,3,0,2,0,4,4,0,3,4,4,0,1,3,0,0,0,2,0,0,0,2,0,0,2,0,0,0,0,2,0,0,0,0,1,0,3,0,0,1,0,1612313
"738","wtnE5ZvR2SAyQFs",52,"Female","2",29,"deck5","deck2","P-NP",82,2137.59499997832,2,"magnitude",8,73,762.370000011288,"Yes","Somewhat.","I liked the decks with the progress bar.","Yes. There were definite patterns in most of the decks.","Yes, the decks that alternated colors were the most difficult for me,",3,7,9,1,2,6,3,3,0,0,0,3,0,2,0,4,4,0,3,4,4,0,1,3,0,0,0,2,0,0,0,2,0,0,2,0,0,0,0,2,0,0,0,0,1,0,3,0,0,1,0,1613577
"739","wtnE5ZvR2SAyQFs",52,"Female","2",29,"deck5","deck2","P-NP",82,2137.59499997832,3,"magnitude",2,69,698.375000036322,"Yes","Somewhat.","I liked the decks with the progress bar.","Yes. There were definite patterns in most of the decks.","Yes, the decks that alternated colors were the most difficult for me,",3,7,9,1,2,6,3,3,0,0,0,3,0,2,0,4,4,0,3,4,4,0,1,3,0,0,0,2,0,0,0,2,0,0,2,0,0,0,0,2,0,0,0,0,1,0,3,0,0,1,0,1614777
"740","wtnE5ZvR2SAyQFs",52,"Female","2",29,"deck5","deck2","P-NP",82,2137.59499997832,4,"magnitude",7,73,601.875000051223,"Yes","Somewhat.","I liked the decks with the progress bar.","Yes. There were definite patterns in most of the decks.","Yes, the decks that alternated colors were the most difficult for me,",3,7,9,1,2,6,3,3,0,0,0,3,0,2,0,4,4,0,3,4,4,0,1,3,0,0,0,2,0,0,0,2,0,0,2,0,0,0,0,2,0,0,0,0,1,0,3,0,0,1,0,1615881
"741","wtnE5ZvR2SAyQFs",52,"Female","2",29,"deck5","deck2","P-NP",82,2137.59499997832,5,"parity",1,73,674.744999967515,"Yes","Somewhat.","I liked the decks with the progress bar.","Yes. There were definite patterns in most of the decks.","Yes, the decks that alternated colors were the most difficult for me,",3,7,9,1,2,6,3,3,0,0,0,3,0,2,0,4,4,0,3,4,4,0,1,3,0,0,0,2,0,0,0,2,0,0,2,0,0,0,0,2,0,0,0,0,1,0,3,0,0,1,0,1617057
"742","wtnE5ZvR2SAyQFs",52,"Female","2",29,"deck5","deck2","P-NP",82,2137.59499997832,6,"magnitude",4,69,754.229999962263,"Yes","Somewhat.","I liked the decks with the progress bar.","Yes. There were definite patterns in most of the decks.","Yes, the decks that alternated colors were the most difficult for me,",3,7,9,1,2,6,3,3,0,0,0,3,0,2,0,4,4,0,3,4,4,0,1,3,0,0,0,2,0,0,0,2,0,0,2,0,0,0,0,2,0,0,0,0,1,0,3,0,0,1,0,1618313
"743","wtnE5ZvR2SAyQFs",52,"Female","2",29,"deck5","deck2","P-NP",82,2137.59499997832,7,"parity",9,73,858.329999959096,"Yes","Somewhat.","I liked the decks with the progress bar.","Yes. There were definite patterns in most of the decks.","Yes, the decks that alternated colors were the most difficult for me,",3,7,9,1,2,6,3,3,0,0,0,3,0,2,0,4,4,0,3,4,4,0,1,3,0,0,0,2,0,0,0,2,0,0,2,0,0,0,0,2,0,0,0,0,1,0,3,0,0,1,0,1619673
"744","wtnE5ZvR2SAyQFs",52,"Female","2",29,"deck5","deck2","P-NP",82,2137.59499997832,8,"magnitude",8,73,1066.41500000842,"Yes","Somewhat.","I liked the decks with the progress bar.","Yes. There were definite patterns in most of the decks.","Yes, the decks that alternated colors were the most difficult for me,",3,7,9,1,2,6,3,3,0,0,0,3,0,2,0,4,4,0,3,4,4,0,1,3,0,0,0,2,0,0,0,2,0,0,2,0,0,0,0,2,0,0,0,0,1,0,3,0,0,1,0,1621241
"745","wtnE5ZvR2SAyQFs",52,"Female","2",29,"deck5","deck2","P-NP",82,2137.59499997832,9,"magnitude",8,73,674.565000110306,"Yes","Somewhat.","I liked the decks with the progress bar.","Yes. There were definite patterns in most of the decks.","Yes, the decks that alternated colors were the most difficult for me,",3,7,9,1,2,6,3,3,0,0,0,3,0,2,0,4,4,0,3,4,4,0,1,3,0,0,0,2,0,0,0,2,0,0,2,0,0,0,0,2,0,0,0,0,1,0,3,0,0,1,0,1622417
"746","wtnE5ZvR2SAyQFs",52,"Female","2",29,"deck5","deck2","P-NP",82,2137.59499997832,10,"parity",6,69,1298.04999998305,"Yes","Somewhat.","I liked the decks with the progress bar.","Yes. There were definite patterns in most of the decks.","Yes, the decks that alternated colors were the most difficult for me,",3,7,9,1,2,6,3,3,0,0,0,3,0,2,0,4,4,0,3,4,4,0,1,3,0,0,0,2,0,0,0,2,0,0,2,0,0,0,0,2,0,0,0,0,1,0,3,0,0,1,0,1624217
"747","wtnE5ZvR2SAyQFs",52,"Female","2",29,"deck5","deck2","P-NP",82,2137.59499997832,11,"parity",3,73,626.140000065789,"Yes","Somewhat.","I liked the decks with the progress bar.","Yes. There were definite patterns in most of the decks.","Yes, the decks that alternated colors were the most difficult for me,",3,7,9,1,2,6,3,3,0,0,0,3,0,2,0,4,4,0,3,4,4,0,1,3,0,0,0,2,0,0,0,2,0,0,2,0,0,0,0,2,0,0,0,0,1,0,3,0,0,1,0,1625345
"748","wtnE5ZvR2SAyQFs",52,"Female","2",29,"deck5","deck2","P-NP",82,2137.59499997832,12,"magnitude",7,73,651.760000037029,"Yes","Somewhat.","I liked the decks with the progress bar.","Yes. There were definite patterns in most of the decks.","Yes, the decks that alternated colors were the most difficult for me,",3,7,9,1,2,6,3,3,0,0,0,3,0,2,0,4,4,0,3,4,4,0,1,3,0,0,0,2,0,0,0,2,0,0,2,0,0,0,0,2,0,0,0,0,1,0,3,0,0,1,0,1626499
"749","wtnE5ZvR2SAyQFs",52,"Female","2",29,"deck5","deck2","P-NP",82,2137.59499997832,13,"magnitude",9,73,584.035000065342,"Yes","Somewhat.","I liked the decks with the progress bar.","Yes. There were definite patterns in most of the decks.","Yes, the decks that alternated colors were the most difficult for me,",3,7,9,1,2,6,3,3,0,0,0,3,0,2,0,4,4,0,3,4,4,0,1,3,0,0,0,2,0,0,0,2,0,0,2,0,0,0,0,2,0,0,0,0,1,0,3,0,0,1,0,1627585
"750","wtnE5ZvR2SAyQFs",52,"Female","2",29,"deck5","deck2","P-NP",82,2137.59499997832,14,"magnitude",4,69,794.325000024401,"Yes","Somewhat.","I liked the decks with the progress bar.","Yes. There were definite patterns in most of the decks.","Yes, the decks that alternated colors were the most difficult for me,",3,7,9,1,2,6,3,3,0,0,0,3,0,2,0,4,4,0,3,4,4,0,1,3,0,0,0,2,0,0,0,2,0,0,2,0,0,0,0,2,0,0,0,0,1,0,3,0,0,1,0,1628881
"751","wtnE5ZvR2SAyQFs",52,"Female","2",29,"deck5","deck2","P-NP",82,2137.59499997832,15,"parity",9,73,754.145000013523,"Yes","Somewhat.","I liked the decks with the progress bar.","Yes. There were definite patterns in most of the decks.","Yes, the decks that alternated colors were the most difficult for me,",3,7,9,1,2,6,3,3,0,0,0,3,0,2,0,4,4,0,3,4,4,0,1,3,0,0,0,2,0,0,0,2,0,0,2,0,0,0,0,2,0,0,0,0,1,0,3,0,0,1,0,1630137
"752","wtnE5ZvR2SAyQFs",52,"Female","2",29,"deck5","deck2","P-NP",82,2137.59499997832,16,"parity",9,73,625.880000065081,"Yes","Somewhat.","I liked the decks with the progress bar.","Yes. There were definite patterns in most of the decks.","Yes, the decks that alternated colors were the most difficult for me,",3,7,9,1,2,6,3,3,0,0,0,3,0,2,0,4,4,0,3,4,4,0,1,3,0,0,0,2,0,0,0,2,0,0,2,0,0,0,0,2,0,0,0,0,1,0,3,0,0,1,0,1631265
"753","wtnE5ZvR2SAyQFs",52,"Female","2",30,"deck4","deck6","P-P",76,3058.35499998648,1,"magnitude",4,69,1170.21999997087,"Yes","Somewhat.","I liked the decks with the progress bar.","Yes. There were definite patterns in most of the decks.","Yes, the decks that alternated colors were the most difficult for me,",3,7,9,1,2,6,3,3,0,0,0,3,0,2,0,4,4,0,3,4,4,0,1,3,0,0,0,2,0,0,0,2,0,0,2,0,0,0,0,2,0,0,0,0,1,0,3,0,0,1,0,1637001
"754","wtnE5ZvR2SAyQFs",52,"Female","2",30,"deck4","deck6","P-P",76,3058.35499998648,2,"magnitude",7,73,657.710000057705,"Yes","Somewhat.","I liked the decks with the progress bar.","Yes. There were definite patterns in most of the decks.","Yes, the decks that alternated colors were the most difficult for me,",3,7,9,1,2,6,3,3,0,0,0,3,0,2,0,4,4,0,3,4,4,0,1,3,0,0,0,2,0,0,0,2,0,0,2,0,0,0,0,2,0,0,0,0,1,0,3,0,0,1,0,1638161
"755","wtnE5ZvR2SAyQFs",52,"Female","2",30,"deck4","deck6","P-P",76,3058.35499998648,3,"magnitude",7,73,666.564999963157,"Yes","Somewhat.","I liked the decks with the progress bar.","Yes. There were definite patterns in most of the decks.","Yes, the decks that alternated colors were the most difficult for me,",3,7,9,1,2,6,3,3,0,0,0,3,0,2,0,4,4,0,3,4,4,0,1,3,0,0,0,2,0,0,0,2,0,0,2,0,0,0,0,2,0,0,0,0,1,0,3,0,0,1,0,1639329
"756","wtnE5ZvR2SAyQFs",52,"Female","2",30,"deck4","deck6","P-P",76,3058.35499998648,4,"magnitude",8,73,618.389999959618,"Yes","Somewhat.","I liked the decks with the progress bar.","Yes. There were definite patterns in most of the decks.","Yes, the decks that alternated colors were the most difficult for me,",3,7,9,1,2,6,3,3,0,0,0,3,0,2,0,4,4,0,3,4,4,0,1,3,0,0,0,2,0,0,0,2,0,0,2,0,0,0,0,2,0,0,0,0,1,0,3,0,0,1,0,1640449
"757","wtnE5ZvR2SAyQFs",52,"Female","2",30,"deck4","deck6","P-P",76,3058.35499998648,5,"magnitude",8,73,577.855000039563,"Yes","Somewhat.","I liked the decks with the progress bar.","Yes. There were definite patterns in most of the decks.","Yes, the decks that alternated colors were the most difficult for me,",3,7,9,1,2,6,3,3,0,0,0,3,0,2,0,4,4,0,3,4,4,0,1,3,0,0,0,2,0,0,0,2,0,0,2,0,0,0,0,2,0,0,0,0,1,0,3,0,0,1,0,1641529
"758","wtnE5ZvR2SAyQFs",52,"Female","2",30,"deck4","deck6","P-P",76,3058.35499998648,6,"magnitude",8,73,626.659999950789,"Yes","Somewhat.","I liked the decks with the progress bar.","Yes. There were definite patterns in most of the decks.","Yes, the decks that alternated colors were the most difficult for me,",3,7,9,1,2,6,3,3,0,0,0,3,0,2,0,4,4,0,3,4,4,0,1,3,0,0,0,2,0,0,0,2,0,0,2,0,0,0,0,2,0,0,0,0,1,0,3,0,0,1,0,1642657
"759","wtnE5ZvR2SAyQFs",52,"Female","2",30,"deck4","deck6","P-P",76,3058.35499998648,7,"magnitude",7,73,618.375000078231,"Yes","Somewhat.","I liked the decks with the progress bar.","Yes. There were definite patterns in most of the decks.","Yes, the decks that alternated colors were the most difficult for me,",3,7,9,1,2,6,3,3,0,0,0,3,0,2,0,4,4,0,3,4,4,0,1,3,0,0,0,2,0,0,0,2,0,0,2,0,0,0,0,2,0,0,0,0,1,0,3,0,0,1,0,1643777
"760","wtnE5ZvR2SAyQFs",52,"Female","2",30,"deck4","deck6","P-P",76,3058.35499998648,8,"magnitude",6,73,859.410000033677,"Yes","Somewhat.","I liked the decks with the progress bar.","Yes. There were definite patterns in most of the decks.","Yes, the decks that alternated colors were the most difficult for me,",3,7,9,1,2,6,3,3,0,0,0,3,0,2,0,4,4,0,3,4,4,0,1,3,0,0,0,2,0,0,0,2,0,0,2,0,0,0,0,2,0,0,0,0,1,0,3,0,0,1,0,1645139
"761","wtnE5ZvR2SAyQFs",52,"Female","2",30,"deck4","deck6","P-P",76,3058.35499998648,9,"magnitude",7,73,568.100000033155,"Yes","Somewhat.","I liked the decks with the progress bar.","Yes. There were definite patterns in most of the decks.","Yes, the decks that alternated colors were the most difficult for me,",3,7,9,1,2,6,3,3,0,0,0,3,0,2,0,4,4,0,3,4,4,0,1,3,0,0,0,2,0,0,0,2,0,0,2,0,0,0,0,2,0,0,0,0,1,0,3,0,0,1,0,1646209
"762","wtnE5ZvR2SAyQFs",52,"Female","2",30,"deck4","deck6","P-P",76,3058.35499998648,10,"magnitude",4,69,545.96500005573,"Yes","Somewhat.","I liked the decks with the progress bar.","Yes. There were definite patterns in most of the decks.","Yes, the decks that alternated colors were the most difficult for me,",3,7,9,1,2,6,3,3,0,0,0,3,0,2,0,4,4,0,3,4,4,0,1,3,0,0,0,2,0,0,0,2,0,0,2,0,0,0,0,2,0,0,0,0,1,0,3,0,0,1,0,1647257
"763","wtnE5ZvR2SAyQFs",52,"Female","2",30,"deck4","deck6","P-P",76,3058.35499998648,11,"magnitude",9,73,570.619999896735,"Yes","Somewhat.","I liked the decks with the progress bar.","Yes. There were definite patterns in most of the decks.","Yes, the decks that alternated colors were the most difficult for me,",3,7,9,1,2,6,3,3,0,0,0,3,0,2,0,4,4,0,3,4,4,0,1,3,0,0,0,2,0,0,0,2,0,0,2,0,0,0,0,2,0,0,0,0,1,0,3,0,0,1,0,1648329
"764","wtnE5ZvR2SAyQFs",52,"Female","2",30,"deck4","deck6","P-P",76,3058.35499998648,12,"magnitude",4,69,546.285000047646,"Yes","Somewhat.","I liked the decks with the progress bar.","Yes. There were definite patterns in most of the decks.","Yes, the decks that alternated colors were the most difficult for me,",3,7,9,1,2,6,3,3,0,0,0,3,0,2,0,4,4,0,3,4,4,0,1,3,0,0,0,2,0,0,0,2,0,0,2,0,0,0,0,2,0,0,0,0,1,0,3,0,0,1,0,1649377
"765","wtnE5ZvR2SAyQFs",52,"Female","2",30,"deck4","deck6","P-P",76,3058.35499998648,13,"parity",7,73,825.644999975339,"Yes","Somewhat.","I liked the decks with the progress bar.","Yes. There were definite patterns in most of the decks.","Yes, the decks that alternated colors were the most difficult for me,",3,7,9,1,2,6,3,3,0,0,0,3,0,2,0,4,4,0,3,4,4,0,1,3,0,0,0,2,0,0,0,2,0,0,2,0,0,0,0,2,0,0,0,0,1,0,3,0,0,1,0,1650705
"766","wtnE5ZvR2SAyQFs",52,"Female","2",30,"deck4","deck6","P-P",76,3058.35499998648,14,"parity",7,73,738.850000081584,"Yes","Somewhat.","I liked the decks with the progress bar.","Yes. There were definite patterns in most of the decks.","Yes, the decks that alternated colors were the most difficult for me,",3,7,9,1,2,6,3,3,0,0,0,3,0,2,0,4,4,0,3,4,4,0,1,3,0,0,0,2,0,0,0,2,0,0,2,0,0,0,0,2,0,0,0,0,1,0,3,0,0,1,0,1651945
"767","wtnE5ZvR2SAyQFs",52,"Female","2",30,"deck4","deck6","P-P",76,3058.35499998648,15,"magnitude",2,69,762.345000053756,"Yes","Somewhat.","I liked the decks with the progress bar.","Yes. There were definite patterns in most of the decks.","Yes, the decks that alternated colors were the most difficult for me,",3,7,9,1,2,6,3,3,0,0,0,3,0,2,0,4,4,0,3,4,4,0,1,3,0,0,0,2,0,0,0,2,0,0,2,0,0,0,0,2,0,0,0,0,1,0,3,0,0,1,0,1653209
"768","wtnE5ZvR2SAyQFs",52,"Female","2",30,"deck4","deck6","P-P",76,3058.35499998648,16,"magnitude",3,69,505.535000003874,"Yes","Somewhat.","I liked the decks with the progress bar.","Yes. There were definite patterns in most of the decks.","Yes, the decks that alternated colors were the most difficult for me,",3,7,9,1,2,6,3,3,0,0,0,3,0,2,0,4,4,0,3,4,4,0,1,3,0,0,0,2,0,0,0,2,0,0,2,0,0,0,0,2,0,0,0,0,1,0,3,0,0,1,0,1654217
"769","wtnE5ZvR2SAyQFs",52,"Female","2",31,"deck1","deck4","P-NP",82,3647.76500000153,1,"magnitude",9,73,1580.44000004884,"Yes","Somewhat.","I liked the decks with the progress bar.","Yes. There were definite patterns in most of the decks.","Yes, the decks that alternated colors were the most difficult for me,",3,7,9,1,2,6,3,3,0,0,0,3,0,2,0,4,4,0,3,4,4,0,1,3,0,0,0,2,0,0,0,2,0,0,2,0,0,0,0,2,0,0,0,0,1,0,3,0,0,1,0,1660953
"770","wtnE5ZvR2SAyQFs",52,"Female","2",31,"deck1","deck4","P-NP",82,3647.76500000153,2,"magnitude",3,69,658.579999930225,"Yes","Somewhat.","I liked the decks with the progress bar.","Yes. There were definite patterns in most of the decks.","Yes, the decks that alternated colors were the most difficult for me,",3,7,9,1,2,6,3,3,0,0,0,3,0,2,0,4,4,0,3,4,4,0,1,3,0,0,0,2,0,0,0,2,0,0,2,0,0,0,0,2,0,0,0,0,1,0,3,0,0,1,0,1662113
"771","wtnE5ZvR2SAyQFs",52,"Female","2",31,"deck1","deck4","P-NP",82,3647.76500000153,3,"parity",6,69,770.344999968074,"Yes","Somewhat.","I liked the decks with the progress bar.","Yes. There were definite patterns in most of the decks.","Yes, the decks that alternated colors were the most difficult for me,",3,7,9,1,2,6,3,3,0,0,0,3,0,2,0,4,4,0,3,4,4,0,1,3,0,0,0,2,0,0,0,2,0,0,2,0,0,0,0,2,0,0,0,0,1,0,3,0,0,1,0,1663385
"772","wtnE5ZvR2SAyQFs",52,"Female","2",31,"deck1","deck4","P-NP",82,3647.76500000153,4,"parity",4,69,641.464999993332,"Yes","Somewhat.","I liked the decks with the progress bar.","Yes. There were definite patterns in most of the decks.","Yes, the decks that alternated colors were the most difficult for me,",3,7,9,1,2,6,3,3,0,0,0,3,0,2,0,4,4,0,3,4,4,0,1,3,0,0,0,2,0,0,0,2,0,0,2,0,0,0,0,2,0,0,0,0,1,0,3,0,0,1,0,1664529
"773","wtnE5ZvR2SAyQFs",52,"Female","2",31,"deck1","deck4","P-NP",82,3647.76500000153,5,"parity",6,69,618.6699999962,"Yes","Somewhat.","I liked the decks with the progress bar.","Yes. There were definite patterns in most of the decks.","Yes, the decks that alternated colors were the most difficult for me,",3,7,9,1,2,6,3,3,0,0,0,3,0,2,0,4,4,0,3,4,4,0,1,3,0,0,0,2,0,0,0,2,0,0,2,0,0,0,0,2,0,0,0,0,1,0,3,0,0,1,0,1665649
"774","wtnE5ZvR2SAyQFs",52,"Female","2",31,"deck1","deck4","P-NP",82,3647.76500000153,6,"parity",3,73,778.354999958538,"Yes","Somewhat.","I liked the decks with the progress bar.","Yes. There were definite patterns in most of the decks.","Yes, the decks that alternated colors were the most difficult for me,",3,7,9,1,2,6,3,3,0,0,0,3,0,2,0,4,4,0,3,4,4,0,1,3,0,0,0,2,0,0,0,2,0,0,2,0,0,0,0,2,0,0,0,0,1,0,3,0,0,1,0,1666929
"775","wtnE5ZvR2SAyQFs",52,"Female","2",31,"deck1","deck4","P-NP",82,3647.76500000153,7,"parity",7,73,738.240000093356,"Yes","Somewhat.","I liked the decks with the progress bar.","Yes. There were definite patterns in most of the decks.","Yes, the decks that alternated colors were the most difficult for me,",3,7,9,1,2,6,3,3,0,0,0,3,0,2,0,4,4,0,3,4,4,0,1,3,0,0,0,2,0,0,0,2,0,0,2,0,0,0,0,2,0,0,0,0,1,0,3,0,0,1,0,1668169
"776","wtnE5ZvR2SAyQFs",52,"Female","2",31,"deck1","deck4","P-NP",82,3647.76500000153,8,"parity",4,69,586.089999997057,"Yes","Somewhat.","I liked the decks with the progress bar.","Yes. There were definite patterns in most of the decks.","Yes, the decks that alternated colors were the most difficult for me,",3,7,9,1,2,6,3,3,0,0,0,3,0,2,0,4,4,0,3,4,4,0,1,3,0,0,0,2,0,0,0,2,0,0,2,0,0,0,0,2,0,0,0,0,1,0,3,0,0,1,0,1669257
"777","wtnE5ZvR2SAyQFs",52,"Female","2",31,"deck1","deck4","P-NP",82,3647.76500000153,9,"parity",9,73,761.504999944009,"Yes","Somewhat.","I liked the decks with the progress bar.","Yes. There were definite patterns in most of the decks.","Yes, the decks that alternated colors were the most difficult for me,",3,7,9,1,2,6,3,3,0,0,0,3,0,2,0,4,4,0,3,4,4,0,1,3,0,0,0,2,0,0,0,2,0,0,2,0,0,0,0,2,0,0,0,0,1,0,3,0,0,1,0,1670520
"778","wtnE5ZvR2SAyQFs",52,"Female","2",31,"deck1","deck4","P-NP",82,3647.76500000153,10,"parity",8,69,842.269999906421,"Yes","Somewhat.","I liked the decks with the progress bar.","Yes. There were definite patterns in most of the decks.","Yes, the decks that alternated colors were the most difficult for me,",3,7,9,1,2,6,3,3,0,0,0,3,0,2,0,4,4,0,3,4,4,0,1,3,0,0,0,2,0,0,0,2,0,0,2,0,0,0,0,2,0,0,0,0,1,0,3,0,0,1,0,1671866
"779","wtnE5ZvR2SAyQFs",52,"Female","2",31,"deck1","deck4","P-NP",82,3647.76500000153,11,"parity",7,73,567.229999927804,"Yes","Somewhat.","I liked the decks with the progress bar.","Yes. There were definite patterns in most of the decks.","Yes, the decks that alternated colors were the most difficult for me,",3,7,9,1,2,6,3,3,0,0,0,3,0,2,0,4,4,0,3,4,4,0,1,3,0,0,0,2,0,0,0,2,0,0,2,0,0,0,0,2,0,0,0,0,1,0,3,0,0,1,0,1672937
"780","wtnE5ZvR2SAyQFs",52,"Female","2",31,"deck1","deck4","P-NP",82,3647.76500000153,12,"parity",9,73,706.009999965318,"Yes","Somewhat.","I liked the decks with the progress bar.","Yes. There were definite patterns in most of the decks.","Yes, the decks that alternated colors were the most difficult for me,",3,7,9,1,2,6,3,3,0,0,0,3,0,2,0,4,4,0,3,4,4,0,1,3,0,0,0,2,0,0,0,2,0,0,2,0,0,0,0,2,0,0,0,0,1,0,3,0,0,1,0,1674145
"781","wtnE5ZvR2SAyQFs",52,"Female","2",31,"deck1","deck4","P-NP",82,3647.76500000153,13,"parity",6,69,626.864999998361,"Yes","Somewhat.","I liked the decks with the progress bar.","Yes. There were definite patterns in most of the decks.","Yes, the decks that alternated colors were the most difficult for me,",3,7,9,1,2,6,3,3,0,0,0,3,0,2,0,4,4,0,3,4,4,0,1,3,0,0,0,2,0,0,0,2,0,0,2,0,0,0,0,2,0,0,0,0,1,0,3,0,0,1,0,1675273
"782","wtnE5ZvR2SAyQFs",52,"Female","2",31,"deck1","deck4","P-NP",82,3647.76500000153,14,"parity",4,69,650.404999963939,"Yes","Somewhat.","I liked the decks with the progress bar.","Yes. There were definite patterns in most of the decks.","Yes, the decks that alternated colors were the most difficult for me,",3,7,9,1,2,6,3,3,0,0,0,3,0,2,0,4,4,0,3,4,4,0,1,3,0,0,0,2,0,0,0,2,0,0,2,0,0,0,0,2,0,0,0,0,1,0,3,0,0,1,0,1676424
"783","wtnE5ZvR2SAyQFs",52,"Female","2",31,"deck1","deck4","P-NP",82,3647.76500000153,15,"parity",7,73,1394.40499991179,"Yes","Somewhat.","I liked the decks with the progress bar.","Yes. There were definite patterns in most of the decks.","Yes, the decks that alternated colors were the most difficult for me,",3,7,9,1,2,6,3,3,0,0,0,3,0,2,0,4,4,0,3,4,4,0,1,3,0,0,0,2,0,0,0,2,0,0,2,0,0,0,0,2,0,0,0,0,1,0,3,0,0,1,0,1678321
"784","wtnE5ZvR2SAyQFs",52,"Female","2",31,"deck1","deck4","P-NP",82,3647.76500000153,16,"magnitude",2,69,666.64499999024,"Yes","Somewhat.","I liked the decks with the progress bar.","Yes. There were definite patterns in most of the decks.","Yes, the decks that alternated colors were the most difficult for me,",3,7,9,1,2,6,3,3,0,0,0,3,0,2,0,4,4,0,3,4,4,0,1,3,0,0,0,2,0,0,0,2,0,0,2,0,0,0,0,2,0,0,0,0,1,0,3,0,0,1,0,1679489
"785","wtnE5ZvR2SAyQFs",52,"Female","2",32,"deck3","deck2","NP-NP",76,5952.93000002857,1,"parity",2,69,1090.51500004716,"Yes","Somewhat.","I liked the decks with the progress bar.","Yes. There were definite patterns in most of the decks.","Yes, the decks that alternated colors were the most difficult for me,",3,7,9,1,2,6,3,3,0,0,0,3,0,2,0,4,4,0,3,4,4,0,1,3,0,0,0,2,0,0,0,2,0,0,2,0,0,0,0,2,0,0,0,0,1,0,3,0,0,1,0,1688041
"786","wtnE5ZvR2SAyQFs",52,"Female","2",32,"deck3","deck2","NP-NP",76,5952.93000002857,2,"magnitude",8,73,817.975000012666,"Yes","Somewhat.","I liked the decks with the progress bar.","Yes. There were definite patterns in most of the decks.","Yes, the decks that alternated colors were the most difficult for me,",3,7,9,1,2,6,3,3,0,0,0,3,0,2,0,4,4,0,3,4,4,0,1,3,0,0,0,2,0,0,0,2,0,0,2,0,0,0,0,2,0,0,0,0,1,0,3,0,0,1,0,1689360
"787","wtnE5ZvR2SAyQFs",52,"Female","2",32,"deck3","deck2","NP-NP",76,5952.93000002857,3,"parity",2,69,674.679999938235,"Yes","Somewhat.","I liked the decks with the progress bar.","Yes. There were definite patterns in most of the decks.","Yes, the decks that alternated colors were the most difficult for me,",3,7,9,1,2,6,3,3,0,0,0,3,0,2,0,4,4,0,3,4,4,0,1,3,0,0,0,2,0,0,0,2,0,0,2,0,0,0,0,2,0,0,0,0,1,0,3,0,0,1,0,1690537
"788","wtnE5ZvR2SAyQFs",52,"Female","2",32,"deck3","deck2","NP-NP",76,5952.93000002857,4,"magnitude",3,69,937.990000005811,"Yes","Somewhat.","I liked the decks with the progress bar.","Yes. There were definite patterns in most of the decks.","Yes, the decks that alternated colors were the most difficult for me,",3,7,9,1,2,6,3,3,0,0,0,3,0,2,0,4,4,0,3,4,4,0,1,3,0,0,0,2,0,0,0,2,0,0,2,0,0,0,0,2,0,0,0,0,1,0,3,0,0,1,0,1691976
"789","wtnE5ZvR2SAyQFs",52,"Female","2",32,"deck3","deck2","NP-NP",76,5952.93000002857,5,"parity",1,73,746.025000000373,"Yes","Somewhat.","I liked the decks with the progress bar.","Yes. There were definite patterns in most of the decks.","Yes, the decks that alternated colors were the most difficult for me,",3,7,9,1,2,6,3,3,0,0,0,3,0,2,0,4,4,0,3,4,4,0,1,3,0,0,0,2,0,0,0,2,0,0,2,0,0,0,0,2,0,0,0,0,1,0,3,0,0,1,0,1693224
"790","wtnE5ZvR2SAyQFs",52,"Female","2",32,"deck3","deck2","NP-NP",76,5952.93000002857,6,"magnitude",8,73,641.925000003539,"Yes","Somewhat.","I liked the decks with the progress bar.","Yes. There were definite patterns in most of the decks.","Yes, the decks that alternated colors were the most difficult for me,",3,7,9,1,2,6,3,3,0,0,0,3,0,2,0,4,4,0,3,4,4,0,1,3,0,0,0,2,0,0,0,2,0,0,2,0,0,0,0,2,0,0,0,0,1,0,3,0,0,1,0,1694368
"791","wtnE5ZvR2SAyQFs",52,"Female","2",32,"deck3","deck2","NP-NP",76,5952.93000002857,7,"parity",4,69,778.674999950454,"Yes","Somewhat.","I liked the decks with the progress bar.","Yes. There were definite patterns in most of the decks.","Yes, the decks that alternated colors were the most difficult for me,",3,7,9,1,2,6,3,3,0,0,0,3,0,2,0,4,4,0,3,4,4,0,1,3,0,0,0,2,0,0,0,2,0,0,2,0,0,0,0,2,0,0,0,0,1,0,3,0,0,1,0,1695648
"792","wtnE5ZvR2SAyQFs",52,"Female","2",32,"deck3","deck2","NP-NP",76,5952.93000002857,8,"magnitude",4,69,946.355000021867,"Yes","Somewhat.","I liked the decks with the progress bar.","Yes. There were definite patterns in most of the decks.","Yes, the decks that alternated colors were the most difficult for me,",3,7,9,1,2,6,3,3,0,0,0,3,0,2,0,4,4,0,3,4,4,0,1,3,0,0,0,2,0,0,0,2,0,0,2,0,0,0,0,2,0,0,0,0,1,0,3,0,0,1,0,1697096
"793","wtnE5ZvR2SAyQFs",52,"Female","2",32,"deck3","deck2","NP-NP",76,5952.93000002857,9,"magnitude",2,69,690.234999987297,"Yes","Somewhat.","I liked the decks with the progress bar.","Yes. There were definite patterns in most of the decks.","Yes, the decks that alternated colors were the most difficult for me,",3,7,9,1,2,6,3,3,0,0,0,3,0,2,0,4,4,0,3,4,4,0,1,3,0,0,0,2,0,0,0,2,0,0,2,0,0,0,0,2,0,0,0,0,1,0,3,0,0,1,0,1698288
"794","wtnE5ZvR2SAyQFs",52,"Female","2",32,"deck3","deck2","NP-NP",76,5952.93000002857,10,"parity",9,73,658.144999993965,"Yes","Somewhat.","I liked the decks with the progress bar.","Yes. There were definite patterns in most of the decks.","Yes, the decks that alternated colors were the most difficult for me,",3,7,9,1,2,6,3,3,0,0,0,3,0,2,0,4,4,0,3,4,4,0,1,3,0,0,0,2,0,0,0,2,0,0,2,0,0,0,0,2,0,0,0,0,1,0,3,0,0,1,0,1699448
"795","wtnE5ZvR2SAyQFs",52,"Female","2",32,"deck3","deck2","NP-NP",76,5952.93000002857,11,"magnitude",7,73,1346.22000006493,"Yes","Somewhat.","I liked the decks with the progress bar.","Yes. There were definite patterns in most of the decks.","Yes, the decks that alternated colors were the most difficult for me,",3,7,9,1,2,6,3,3,0,0,0,3,0,2,0,4,4,0,3,4,4,0,1,3,0,0,0,2,0,0,0,2,0,0,2,0,0,0,0,2,0,0,0,0,1,0,3,0,0,1,0,1701296
"796","wtnE5ZvR2SAyQFs",52,"Female","2",32,"deck3","deck2","NP-NP",76,5952.93000002857,12,"parity",7,73,906.369999982417,"Yes","Somewhat.","I liked the decks with the progress bar.","Yes. There were definite patterns in most of the decks.","Yes, the decks that alternated colors were the most difficult for me,",3,7,9,1,2,6,3,3,0,0,0,3,0,2,0,4,4,0,3,4,4,0,1,3,0,0,0,2,0,0,0,2,0,0,2,0,0,0,0,2,0,0,0,0,1,0,3,0,0,1,0,1702704
"797","wtnE5ZvR2SAyQFs",52,"Female","2",32,"deck3","deck2","NP-NP",76,5952.93000002857,13,"magnitude",1,69,946.204999927431,"Yes","Somewhat.","I liked the decks with the progress bar.","Yes. There were definite patterns in most of the decks.","Yes, the decks that alternated colors were the most difficult for me,",3,7,9,1,2,6,3,3,0,0,0,3,0,2,0,4,4,0,3,4,4,0,1,3,0,0,0,2,0,0,0,2,0,0,2,0,0,0,0,2,0,0,0,0,1,0,3,0,0,1,0,1704152
"798","wtnE5ZvR2SAyQFs",52,"Female","2",32,"deck3","deck2","NP-NP",76,5952.93000002857,14,"parity",6,69,873.955000075512,"Yes","Somewhat.","I liked the decks with the progress bar.","Yes. There were definite patterns in most of the decks.","Yes, the decks that alternated colors were the most difficult for me,",3,7,9,1,2,6,3,3,0,0,0,3,0,2,0,4,4,0,3,4,4,0,1,3,0,0,0,2,0,0,0,2,0,0,2,0,0,0,0,2,0,0,0,0,1,0,3,0,0,1,0,1705528
"799","wtnE5ZvR2SAyQFs",52,"Female","2",32,"deck3","deck2","NP-NP",76,5952.93000002857,15,"magnitude",8,73,737.794999964535,"Yes","Somewhat.","I liked the decks with the progress bar.","Yes. There were definite patterns in most of the decks.","Yes, the decks that alternated colors were the most difficult for me,",3,7,9,1,2,6,3,3,0,0,0,3,0,2,0,4,4,0,3,4,4,0,1,3,0,0,0,2,0,0,0,2,0,0,2,0,0,0,0,2,0,0,0,0,1,0,3,0,0,1,0,1706768
"800","wtnE5ZvR2SAyQFs",52,"Female","2",32,"deck3","deck2","NP-NP",76,5952.93000002857,16,"parity",8,69,691.209999960847,"Yes","Somewhat.","I liked the decks with the progress bar.","Yes. There were definite patterns in most of the decks.","Yes, the decks that alternated colors were the most difficult for me,",3,7,9,1,2,6,3,3,0,0,0,3,0,2,0,4,4,0,3,4,4,0,1,3,0,0,0,2,0,0,0,2,0,0,2,0,0,0,0,2,0,0,0,0,1,0,3,0,0,1,0,1707961
"801","wtnE5ZvR2SAyQFs",52,"Female","2",33,"deck5","deck6","P-P",76,3832.60500000324,1,"magnitude",2,69,1201.9750000909,"Yes","Somewhat.","I liked the decks with the progress bar.","Yes. There were definite patterns in most of the decks.","Yes, the decks that alternated colors were the most difficult for me,",3,7,9,1,2,6,3,3,0,0,0,3,0,2,0,4,4,0,3,4,4,0,1,3,0,0,0,2,0,0,0,2,0,0,2,0,0,0,0,2,0,0,0,0,1,0,3,0,0,1,0,1714504
"802","wtnE5ZvR2SAyQFs",52,"Female","2",33,"deck5","deck6","P-P",76,3832.60500000324,2,"magnitude",6,73,713.920000009239,"Yes","Somewhat.","I liked the decks with the progress bar.","Yes. There were definite patterns in most of the decks.","Yes, the decks that alternated colors were the most difficult for me,",3,7,9,1,2,6,3,3,0,0,0,3,0,2,0,4,4,0,3,4,4,0,1,3,0,0,0,2,0,0,0,2,0,0,2,0,0,0,0,2,0,0,0,0,1,0,3,0,0,1,0,1715720
"803","wtnE5ZvR2SAyQFs",52,"Female","2",33,"deck5","deck6","P-P",76,3832.60500000324,3,"magnitude",7,73,522.329999948852,"Yes","Somewhat.","I liked the decks with the progress bar.","Yes. There were definite patterns in most of the decks.","Yes, the decks that alternated colors were the most difficult for me,",3,7,9,1,2,6,3,3,0,0,0,3,0,2,0,4,4,0,3,4,4,0,1,3,0,0,0,2,0,0,0,2,0,0,2,0,0,0,0,2,0,0,0,0,1,0,3,0,0,1,0,1716744
"804","wtnE5ZvR2SAyQFs",52,"Female","2",33,"deck5","deck6","P-P",76,3832.60500000324,4,"parity",8,69,946.035000029951,"Yes","Somewhat.","I liked the decks with the progress bar.","Yes. There were definite patterns in most of the decks.","Yes, the decks that alternated colors were the most difficult for me,",3,7,9,1,2,6,3,3,0,0,0,3,0,2,0,4,4,0,3,4,4,0,1,3,0,0,0,2,0,0,0,2,0,0,2,0,0,0,0,2,0,0,0,0,1,0,3,0,0,1,0,1718192
"805","wtnE5ZvR2SAyQFs",52,"Female","2",33,"deck5","deck6","P-P",76,3832.60500000324,5,"magnitude",9,73,637.849999940954,"Yes","Somewhat.","I liked the decks with the progress bar.","Yes. There were definite patterns in most of the decks.","Yes, the decks that alternated colors were the most difficult for me,",3,7,9,1,2,6,3,3,0,0,0,3,0,2,0,4,4,0,3,4,4,0,1,3,0,0,0,2,0,0,0,2,0,0,2,0,0,0,0,2,0,0,0,0,1,0,3,0,0,1,0,1719336
"806","wtnE5ZvR2SAyQFs",52,"Female","2",33,"deck5","deck6","P-P",76,3832.60500000324,6,"magnitude",6,73,1049.869999988,"Yes","Somewhat.","I liked the decks with the progress bar.","Yes. There were definite patterns in most of the decks.","Yes, the decks that alternated colors were the most difficult for me,",3,7,9,1,2,6,3,3,0,0,0,3,0,2,0,4,4,0,3,4,4,0,1,3,0,0,0,2,0,0,0,2,0,0,2,0,0,0,0,2,0,0,0,0,1,0,3,0,0,1,0,1720888
"807","wtnE5ZvR2SAyQFs",52,"Female","2",33,"deck5","deck6","P-P",76,3832.60500000324,7,"magnitude",6,73,530.694999964908,"Yes","Somewhat.","I liked the decks with the progress bar.","Yes. There were definite patterns in most of the decks.","Yes, the decks that alternated colors were the most difficult for me,",3,7,9,1,2,6,3,3,0,0,0,3,0,2,0,4,4,0,3,4,4,0,1,3,0,0,0,2,0,0,0,2,0,0,2,0,0,0,0,2,0,0,0,0,1,0,3,0,0,1,0,1721920
"808","wtnE5ZvR2SAyQFs",52,"Female","2",33,"deck5","deck6","P-P",76,3832.60500000324,8,"parity",4,69,762.655000085942,"Yes","Somewhat.","I liked the decks with the progress bar.","Yes. There were definite patterns in most of the decks.","Yes, the decks that alternated colors were the most difficult for me,",3,7,9,1,2,6,3,3,0,0,0,3,0,2,0,4,4,0,3,4,4,0,1,3,0,0,0,2,0,0,0,2,0,0,2,0,0,0,0,2,0,0,0,0,1,0,3,0,0,1,0,1723184
"809","wtnE5ZvR2SAyQFs",52,"Female","2",33,"deck5","deck6","P-P",76,3832.60500000324,9,"magnitude",4,69,578.054999932647,"Yes","Somewhat.","I liked the decks with the progress bar.","Yes. There were definite patterns in most of the decks.","Yes, the decks that alternated colors were the most difficult for me,",3,7,9,1,2,6,3,3,0,0,0,3,0,2,0,4,4,0,3,4,4,0,1,3,0,0,0,2,0,0,0,2,0,0,2,0,0,0,0,2,0,0,0,0,1,0,3,0,0,1,0,1724264
"810","wtnE5ZvR2SAyQFs",52,"Female","2",33,"deck5","deck6","P-P",76,3832.60500000324,10,"magnitude",2,69,593.875000020489,"Yes","Somewhat.","I liked the decks with the progress bar.","Yes. There were definite patterns in most of the decks.","Yes, the decks that alternated colors were the most difficult for me,",3,7,9,1,2,6,3,3,0,0,0,3,0,2,0,4,4,0,3,4,4,0,1,3,0,0,0,2,0,0,0,2,0,0,2,0,0,0,0,2,0,0,0,0,1,0,3,0,0,1,0,1725360
"811","wtnE5ZvR2SAyQFs",52,"Female","2",33,"deck5","deck6","P-P",76,3832.60500000324,11,"parity",9,73,803.019999992102,"Yes","Somewhat.","I liked the decks with the progress bar.","Yes. There were definite patterns in most of the decks.","Yes, the decks that alternated colors were the most difficult for me,",3,7,9,1,2,6,3,3,0,0,0,3,0,2,0,4,4,0,3,4,4,0,1,3,0,0,0,2,0,0,0,2,0,0,2,0,0,0,0,2,0,0,0,0,1,0,3,0,0,1,0,1726664
"812","wtnE5ZvR2SAyQFs",52,"Female","2",33,"deck5","deck6","P-P",76,3832.60500000324,12,"magnitude",7,73,833.345000050031,"Yes","Somewhat.","I liked the decks with the progress bar.","Yes. There were definite patterns in most of the decks.","Yes, the decks that alternated colors were the most difficult for me,",3,7,9,1,2,6,3,3,0,0,0,3,0,2,0,4,4,0,3,4,4,0,1,3,0,0,0,2,0,0,0,2,0,0,2,0,0,0,0,2,0,0,0,0,1,0,3,0,0,1,0,1728000
"813","wtnE5ZvR2SAyQFs",52,"Female","2",33,"deck5","deck6","P-P",76,3832.60500000324,13,"magnitude",4,69,746.545000001788,"Yes","Somewhat.","I liked the decks with the progress bar.","Yes. There were definite patterns in most of the decks.","Yes, the decks that alternated colors were the most difficult for me,",3,7,9,1,2,6,3,3,0,0,0,3,0,2,0,4,4,0,3,4,4,0,1,3,0,0,0,2,0,0,0,2,0,0,2,0,0,0,0,2,0,0,0,0,1,0,3,0,0,1,0,1729248
"814","wtnE5ZvR2SAyQFs",52,"Female","2",33,"deck5","deck6","P-P",76,3832.60500000324,14,"magnitude",1,69,706.56500000041,"Yes","Somewhat.","I liked the decks with the progress bar.","Yes. There were definite patterns in most of the decks.","Yes, the decks that alternated colors were the most difficult for me,",3,7,9,1,2,6,3,3,0,0,0,3,0,2,0,4,4,0,3,4,4,0,1,3,0,0,0,2,0,0,0,2,0,0,2,0,0,0,0,2,0,0,0,0,1,0,3,0,0,1,0,1730456
"815","wtnE5ZvR2SAyQFs",52,"Female","2",33,"deck5","deck6","P-P",76,3832.60500000324,15,"parity",4,69,730.169999995269,"Yes","Somewhat.","I liked the decks with the progress bar.","Yes. There were definite patterns in most of the decks.","Yes, the decks that alternated colors were the most difficult for me,",3,7,9,1,2,6,3,3,0,0,0,3,0,2,0,4,4,0,3,4,4,0,1,3,0,0,0,2,0,0,0,2,0,0,2,0,0,0,0,2,0,0,0,0,1,0,3,0,0,1,0,1731688
"816","wtnE5ZvR2SAyQFs",52,"Female","2",33,"deck5","deck6","P-P",76,3832.60500000324,16,"magnitude",6,73,969.485000008717,"Yes","Somewhat.","I liked the decks with the progress bar.","Yes. There were definite patterns in most of the decks.","Yes, the decks that alternated colors were the most difficult for me,",3,7,9,1,2,6,3,3,0,0,0,3,0,2,0,4,4,0,3,4,4,0,1,3,0,0,0,2,0,0,0,2,0,0,2,0,0,0,0,2,0,0,0,0,1,0,3,0,0,1,0,1733160
"817","wtnE5ZvR2SAyQFs",52,"Female","2",34,"deck6","deck4","P-P",82,2865.25499995332,1,"parity",1,NA,NA,"Yes","Somewhat.","I liked the decks with the progress bar.","Yes. There were definite patterns in most of the decks.","Yes, the decks that alternated colors were the most difficult for me,",3,7,9,1,2,6,3,3,0,0,0,3,0,2,0,4,4,0,3,4,4,0,1,3,0,0,0,2,0,0,0,2,0,0,2,0,0,0,0,2,0,0,0,0,1,0,3,0,0,1,0,1740036
"818","wtnE5ZvR2SAyQFs",52,"Female","2",34,"deck6","deck4","P-P",82,2865.25499995332,2,"parity",3,73,646.809999947436,"Yes","Somewhat.","I liked the decks with the progress bar.","Yes. There were definite patterns in most of the decks.","Yes, the decks that alternated colors were the most difficult for me,",3,7,9,1,2,6,3,3,0,0,0,3,0,2,0,4,4,0,3,4,4,0,1,3,0,0,0,2,0,0,0,2,0,0,2,0,0,0,0,2,0,0,0,0,1,0,3,0,0,1,0,1741184
"819","wtnE5ZvR2SAyQFs",52,"Female","2",34,"deck6","deck4","P-P",82,2865.25499995332,3,"parity",1,73,562.410000013188,"Yes","Somewhat.","I liked the decks with the progress bar.","Yes. There were definite patterns in most of the decks.","Yes, the decks that alternated colors were the most difficult for me,",3,7,9,1,2,6,3,3,0,0,0,3,0,2,0,4,4,0,3,4,4,0,1,3,0,0,0,2,0,0,0,2,0,0,2,0,0,0,0,2,0,0,0,0,1,0,3,0,0,1,0,1742248
"820","wtnE5ZvR2SAyQFs",52,"Female","2",34,"deck6","deck4","P-P",82,2865.25499995332,4,"parity",2,69,578.005000017583,"Yes","Somewhat.","I liked the decks with the progress bar.","Yes. There were definite patterns in most of the decks.","Yes, the decks that alternated colors were the most difficult for me,",3,7,9,1,2,6,3,3,0,0,0,3,0,2,0,4,4,0,3,4,4,0,1,3,0,0,0,2,0,0,0,2,0,0,2,0,0,0,0,2,0,0,0,0,1,0,3,0,0,1,0,1743328
"821","wtnE5ZvR2SAyQFs",52,"Female","2",34,"deck6","deck4","P-P",82,2865.25499995332,5,"parity",1,73,562.104999902658,"Yes","Somewhat.","I liked the decks with the progress bar.","Yes. There were definite patterns in most of the decks.","Yes, the decks that alternated colors were the most difficult for me,",3,7,9,1,2,6,3,3,0,0,0,3,0,2,0,4,4,0,3,4,4,0,1,3,0,0,0,2,0,0,0,2,0,0,2,0,0,0,0,2,0,0,0,0,1,0,3,0,0,1,0,1744392
"822","wtnE5ZvR2SAyQFs",52,"Female","2",34,"deck6","deck4","P-P",82,2865.25499995332,6,"parity",3,73,634.429999976419,"Yes","Somewhat.","I liked the decks with the progress bar.","Yes. There were definite patterns in most of the decks.","Yes, the decks that alternated colors were the most difficult for me,",3,7,9,1,2,6,3,3,0,0,0,3,0,2,0,4,4,0,3,4,4,0,1,3,0,0,0,2,0,0,0,2,0,0,2,0,0,0,0,2,0,0,0,0,1,0,3,0,0,1,0,1745528
"823","wtnE5ZvR2SAyQFs",52,"Female","2",34,"deck6","deck4","P-P",82,2865.25499995332,7,"magnitude",2,69,666.335000074469,"Yes","Somewhat.","I liked the decks with the progress bar.","Yes. There were definite patterns in most of the decks.","Yes, the decks that alternated colors were the most difficult for me,",3,7,9,1,2,6,3,3,0,0,0,3,0,2,0,4,4,0,3,4,4,0,1,3,0,0,0,2,0,0,0,2,0,0,2,0,0,0,0,2,0,0,0,0,1,0,3,0,0,1,0,1746696
"824","wtnE5ZvR2SAyQFs",52,"Female","2",34,"deck6","deck4","P-P",82,2865.25499995332,8,"magnitude",9,73,513.774999999441,"Yes","Somewhat.","I liked the decks with the progress bar.","Yes. There were definite patterns in most of the decks.","Yes, the decks that alternated colors were the most difficult for me,",3,7,9,1,2,6,3,3,0,0,0,3,0,2,0,4,4,0,3,4,4,0,1,3,0,0,0,2,0,0,0,2,0,0,2,0,0,0,0,2,0,0,0,0,1,0,3,0,0,1,0,1747712
"825","wtnE5ZvR2SAyQFs",52,"Female","2",34,"deck6","deck4","P-P",82,2865.25499995332,9,"magnitude",9,73,602.330000023358,"Yes","Somewhat.","I liked the decks with the progress bar.","Yes. There were definite patterns in most of the decks.","Yes, the decks that alternated colors were the most difficult for me,",3,7,9,1,2,6,3,3,0,0,0,3,0,2,0,4,4,0,3,4,4,0,1,3,0,0,0,2,0,0,0,2,0,0,2,0,0,0,0,2,0,0,0,0,1,0,3,0,0,1,0,1748816
"826","wtnE5ZvR2SAyQFs",52,"Female","2",34,"deck6","deck4","P-P",82,2865.25499995332,10,"magnitude",1,69,618.184999912046,"Yes","Somewhat.","I liked the decks with the progress bar.","Yes. There were definite patterns in most of the decks.","Yes, the decks that alternated colors were the most difficult for me,",3,7,9,1,2,6,3,3,0,0,0,3,0,2,0,4,4,0,3,4,4,0,1,3,0,0,0,2,0,0,0,2,0,0,2,0,0,0,0,2,0,0,0,0,1,0,3,0,0,1,0,1749936
"827","wtnE5ZvR2SAyQFs",52,"Female","2",34,"deck6","deck4","P-P",82,2865.25499995332,11,"parity",3,73,970.925000030547,"Yes","Somewhat.","I liked the decks with the progress bar.","Yes. There were definite patterns in most of the decks.","Yes, the decks that alternated colors were the most difficult for me,",3,7,9,1,2,6,3,3,0,0,0,3,0,2,0,4,4,0,3,4,4,0,1,3,0,0,0,2,0,0,0,2,0,0,2,0,0,0,0,2,0,0,0,0,1,0,3,0,0,1,0,1751408
"828","wtnE5ZvR2SAyQFs",52,"Female","2",34,"deck6","deck4","P-P",82,2865.25499995332,12,"parity",1,73,1203.24500009883,"Yes","Somewhat.","I liked the decks with the progress bar.","Yes. There were definite patterns in most of the decks.","Yes, the decks that alternated colors were the most difficult for me,",3,7,9,1,2,6,3,3,0,0,0,3,0,2,0,4,4,0,3,4,4,0,1,3,0,0,0,2,0,0,0,2,0,0,2,0,0,0,0,2,0,0,0,0,1,0,3,0,0,1,0,1753113
"829","wtnE5ZvR2SAyQFs",52,"Female","2",34,"deck6","deck4","P-P",82,2865.25499995332,13,"parity",1,73,648.94500002265,"Yes","Somewhat.","I liked the decks with the progress bar.","Yes. There were definite patterns in most of the decks.","Yes, the decks that alternated colors were the most difficult for me,",3,7,9,1,2,6,3,3,0,0,0,3,0,2,0,4,4,0,3,4,4,0,1,3,0,0,0,2,0,0,0,2,0,0,2,0,0,0,0,2,0,0,0,0,1,0,3,0,0,1,0,1754264
"830","wtnE5ZvR2SAyQFs",52,"Female","2",34,"deck6","deck4","P-P",82,2865.25499995332,14,"parity",9,73,570.635000010952,"Yes","Somewhat.","I liked the decks with the progress bar.","Yes. There were definite patterns in most of the decks.","Yes, the decks that alternated colors were the most difficult for me,",3,7,9,1,2,6,3,3,0,0,0,3,0,2,0,4,4,0,3,4,4,0,1,3,0,0,0,2,0,0,0,2,0,0,2,0,0,0,0,2,0,0,0,0,1,0,3,0,0,1,0,1755335
"831","wtnE5ZvR2SAyQFs",52,"Female","2",34,"deck6","deck4","P-P",82,2865.25499995332,15,"parity",7,73,546.209999942221,"Yes","Somewhat.","I liked the decks with the progress bar.","Yes. There were definite patterns in most of the decks.","Yes, the decks that alternated colors were the most difficult for me,",3,7,9,1,2,6,3,3,0,0,0,3,0,2,0,4,4,0,3,4,4,0,1,3,0,0,0,2,0,0,0,2,0,0,2,0,0,0,0,2,0,0,0,0,1,0,3,0,0,1,0,1756383
"832","wtnE5ZvR2SAyQFs",52,"Female","2",34,"deck6","deck4","P-P",82,2865.25499995332,16,"parity",3,73,570.619999896735,"Yes","Somewhat.","I liked the decks with the progress bar.","Yes. There were definite patterns in most of the decks.","Yes, the decks that alternated colors were the most difficult for me,",3,7,9,1,2,6,3,3,0,0,0,3,0,2,0,4,4,0,3,4,4,0,1,3,0,0,0,2,0,0,0,2,0,0,2,0,0,0,0,2,0,0,0,0,1,0,3,0,0,1,0,1757456
"833","wtnE5ZvR2SAyQFs",52,"Female","2",35,"deck1","deck5","P-NP",76,3440.51500002388,1,"magnitude",7,73,1276.51500003412,"Yes","Somewhat.","I liked the decks with the progress bar.","Yes. There were definite patterns in most of the decks.","Yes, the decks that alternated colors were the most difficult for me,",3,7,9,1,2,6,3,3,0,0,0,3,0,2,0,4,4,0,3,4,4,0,1,3,0,0,0,2,0,0,0,2,0,0,2,0,0,0,0,2,0,0,0,0,1,0,3,0,0,1,0,1763679
"834","wtnE5ZvR2SAyQFs",52,"Female","2",35,"deck1","deck5","P-NP",76,3440.51500002388,2,"magnitude",8,73,882.594999973662,"Yes","Somewhat.","I liked the decks with the progress bar.","Yes. There were definite patterns in most of the decks.","Yes, the decks that alternated colors were the most difficult for me,",3,7,9,1,2,6,3,3,0,0,0,3,0,2,0,4,4,0,3,4,4,0,1,3,0,0,0,2,0,0,0,2,0,0,2,0,0,0,0,2,0,0,0,0,1,0,3,0,0,1,0,1765063
"835","wtnE5ZvR2SAyQFs",52,"Female","2",35,"deck1","deck5","P-NP",76,3440.51500002388,3,"magnitude",7,73,634.454999933951,"Yes","Somewhat.","I liked the decks with the progress bar.","Yes. There were definite patterns in most of the decks.","Yes, the decks that alternated colors were the most difficult for me,",3,7,9,1,2,6,3,3,0,0,0,3,0,2,0,4,4,0,3,4,4,0,1,3,0,0,0,2,0,0,0,2,0,0,2,0,0,0,0,2,0,0,0,0,1,0,3,0,0,1,0,1766199
"836","wtnE5ZvR2SAyQFs",52,"Female","2",35,"deck1","deck5","P-NP",76,3440.51500002388,4,"magnitude",8,73,619.509999989532,"Yes","Somewhat.","I liked the decks with the progress bar.","Yes. There were definite patterns in most of the decks.","Yes, the decks that alternated colors were the most difficult for me,",3,7,9,1,2,6,3,3,0,0,0,3,0,2,0,4,4,0,3,4,4,0,1,3,0,0,0,2,0,0,0,2,0,0,2,0,0,0,0,2,0,0,0,0,1,0,3,0,0,1,0,1767322
"837","wtnE5ZvR2SAyQFs",52,"Female","2",35,"deck1","deck5","P-NP",76,3440.51500002388,5,"parity",4,73,702.959999907762,"Yes","Somewhat.","I liked the decks with the progress bar.","Yes. There were definite patterns in most of the decks.","Yes, the decks that alternated colors were the most difficult for me,",3,7,9,1,2,6,3,3,0,0,0,3,0,2,0,4,4,0,3,4,4,0,1,3,0,0,0,2,0,0,0,2,0,0,2,0,0,0,0,2,0,0,0,0,1,0,3,0,0,1,0,1768527
"838","wtnE5ZvR2SAyQFs",52,"Female","2",35,"deck1","deck5","P-NP",76,3440.51500002388,6,"parity",3,73,674.959999974817,"Yes","Somewhat.","I liked the decks with the progress bar.","Yes. There were definite patterns in most of the decks.","Yes, the decks that alternated colors were the most difficult for me,",3,7,9,1,2,6,3,3,0,0,0,3,0,2,0,4,4,0,3,4,4,0,1,3,0,0,0,2,0,0,0,2,0,0,2,0,0,0,0,2,0,0,0,0,1,0,3,0,0,1,0,1769703
"839","wtnE5ZvR2SAyQFs",52,"Female","2",35,"deck1","deck5","P-NP",76,3440.51500002388,7,"parity",8,69,578.444999991916,"Yes","Somewhat.","I liked the decks with the progress bar.","Yes. There were definite patterns in most of the decks.","Yes, the decks that alternated colors were the most difficult for me,",3,7,9,1,2,6,3,3,0,0,0,3,0,2,0,4,4,0,3,4,4,0,1,3,0,0,0,2,0,0,0,2,0,0,2,0,0,0,0,2,0,0,0,0,1,0,3,0,0,1,0,1770783
"840","wtnE5ZvR2SAyQFs",52,"Female","2",35,"deck1","deck5","P-NP",76,3440.51500002388,8,"parity",9,73,650.625000009313,"Yes","Somewhat.","I liked the decks with the progress bar.","Yes. There were definite patterns in most of the decks.","Yes, the decks that alternated colors were the most difficult for me,",3,7,9,1,2,6,3,3,0,0,0,3,0,2,0,4,4,0,3,4,4,0,1,3,0,0,0,2,0,0,0,2,0,0,2,0,0,0,0,2,0,0,0,0,1,0,3,0,0,1,0,1771935
"841","wtnE5ZvR2SAyQFs",52,"Female","2",35,"deck1","deck5","P-NP",76,3440.51500002388,9,"parity",3,69,632.894999929704,"Yes","Somewhat.","I liked the decks with the progress bar.","Yes. There were definite patterns in most of the decks.","Yes, the decks that alternated colors were the most difficult for me,",3,7,9,1,2,6,3,3,0,0,0,3,0,2,0,4,4,0,3,4,4,0,1,3,0,0,0,2,0,0,0,2,0,0,2,0,0,0,0,2,0,0,0,0,1,0,3,0,0,1,0,1773072
"842","wtnE5ZvR2SAyQFs",52,"Female","2",35,"deck1","deck5","P-NP",76,3440.51500002388,10,"parity",9,73,625.594999990426,"Yes","Somewhat.","I liked the decks with the progress bar.","Yes. There were definite patterns in most of the decks.","Yes, the decks that alternated colors were the most difficult for me,",3,7,9,1,2,6,3,3,0,0,0,3,0,2,0,4,4,0,3,4,4,0,1,3,0,0,0,2,0,0,0,2,0,0,2,0,0,0,0,2,0,0,0,0,1,0,3,0,0,1,0,1774199
"843","wtnE5ZvR2SAyQFs",52,"Female","2",35,"deck1","deck5","P-NP",76,3440.51500002388,11,"parity",8,69,762.349999975413,"Yes","Somewhat.","I liked the decks with the progress bar.","Yes. There were definite patterns in most of the decks.","Yes, the decks that alternated colors were the most difficult for me,",3,7,9,1,2,6,3,3,0,0,0,3,0,2,0,4,4,0,3,4,4,0,1,3,0,0,0,2,0,0,0,2,0,0,2,0,0,0,0,2,0,0,0,0,1,0,3,0,0,1,0,1775463
"844","wtnE5ZvR2SAyQFs",52,"Female","2",35,"deck1","deck5","P-NP",76,3440.51500002388,12,"parity",4,69,650.640000007115,"Yes","Somewhat.","I liked the decks with the progress bar.","Yes. There were definite patterns in most of the decks.","Yes, the decks that alternated colors were the most difficult for me,",3,7,9,1,2,6,3,3,0,0,0,3,0,2,0,4,4,0,3,4,4,0,1,3,0,0,0,2,0,0,0,2,0,0,2,0,0,0,0,2,0,0,0,0,1,0,3,0,0,1,0,1776615
"845","wtnE5ZvR2SAyQFs",52,"Female","2",35,"deck1","deck5","P-NP",76,3440.51500002388,13,"parity",3,73,610.27499998454,"Yes","Somewhat.","I liked the decks with the progress bar.","Yes. There were definite patterns in most of the decks.","Yes, the decks that alternated colors were the most difficult for me,",3,7,9,1,2,6,3,3,0,0,0,3,0,2,0,4,4,0,3,4,4,0,1,3,0,0,0,2,0,0,0,2,0,0,2,0,0,0,0,2,0,0,0,0,1,0,3,0,0,1,0,1777727
"846","wtnE5ZvR2SAyQFs",52,"Female","2",35,"deck1","deck5","P-NP",76,3440.51500002388,14,"parity",8,69,761.969999992289,"Yes","Somewhat.","I liked the decks with the progress bar.","Yes. There were definite patterns in most of the decks.","Yes, the decks that alternated colors were the most difficult for me,",3,7,9,1,2,6,3,3,0,0,0,3,0,2,0,4,4,0,3,4,4,0,1,3,0,0,0,2,0,0,0,2,0,0,2,0,0,0,0,2,0,0,0,0,1,0,3,0,0,1,0,1778991
"847","wtnE5ZvR2SAyQFs",52,"Female","2",35,"deck1","deck5","P-NP",76,3440.51500002388,15,"parity",3,73,554.99500001315,"Yes","Somewhat.","I liked the decks with the progress bar.","Yes. There were definite patterns in most of the decks.","Yes, the decks that alternated colors were the most difficult for me,",3,7,9,1,2,6,3,3,0,0,0,3,0,2,0,4,4,0,3,4,4,0,1,3,0,0,0,2,0,0,0,2,0,0,2,0,0,0,0,2,0,0,0,0,1,0,3,0,0,1,0,1780049
"848","wtnE5ZvR2SAyQFs",52,"Female","2",35,"deck1","deck5","P-NP",76,3440.51500002388,16,"magnitude",6,73,912.294999929145,"Yes","Somewhat.","I liked the decks with the progress bar.","Yes. There were definite patterns in most of the decks.","Yes, the decks that alternated colors were the most difficult for me,",3,7,9,1,2,6,3,3,0,0,0,3,0,2,0,4,4,0,3,4,4,0,1,3,0,0,0,2,0,0,0,2,0,0,2,0,0,0,0,2,0,0,0,0,1,0,3,0,0,1,0,1781463
"849","wtnE5ZvR2SAyQFs",52,"Female","2",36,"deck5","deck6","P-P",76,4105.22500006482,1,"magnitude",9,73,1314.61499992292,"Yes","Somewhat.","I liked the decks with the progress bar.","Yes. There were definite patterns in most of the decks.","Yes, the decks that alternated colors were the most difficult for me,",3,7,9,1,2,6,3,3,0,0,0,3,0,2,0,4,4,0,3,4,4,0,1,3,0,0,0,2,0,0,0,2,0,0,2,0,0,0,0,2,0,0,0,0,1,0,3,0,0,1,0,1788391
"850","wtnE5ZvR2SAyQFs",52,"Female","2",36,"deck5","deck6","P-P",76,4105.22500006482,2,"parity",9,73,929.190000053495,"Yes","Somewhat.","I liked the decks with the progress bar.","Yes. There were definite patterns in most of the decks.","Yes, the decks that alternated colors were the most difficult for me,",3,7,9,1,2,6,3,3,0,0,0,3,0,2,0,4,4,0,3,4,4,0,1,3,0,0,0,2,0,0,0,2,0,0,2,0,0,0,0,2,0,0,0,0,1,0,3,0,0,1,0,1789823
"851","wtnE5ZvR2SAyQFs",52,"Female","2",36,"deck5","deck6","P-P",76,4105.22500006482,3,"parity",4,73,1425.87499995716,"Yes","Somewhat.","I liked the decks with the progress bar.","Yes. There were definite patterns in most of the decks.","Yes, the decks that alternated colors were the most difficult for me,",3,7,9,1,2,6,3,3,0,0,0,3,0,2,0,4,4,0,3,4,4,0,1,3,0,0,0,2,0,0,0,2,0,0,2,0,0,0,0,2,0,0,0,0,1,0,3,0,0,1,0,1791751
"852","wtnE5ZvR2SAyQFs",52,"Female","2",36,"deck5","deck6","P-P",76,4105.22500006482,4,"magnitude",2,69,706.460000015795,"Yes","Somewhat.","I liked the decks with the progress bar.","Yes. There were definite patterns in most of the decks.","Yes, the decks that alternated colors were the most difficult for me,",3,7,9,1,2,6,3,3,0,0,0,3,0,2,0,4,4,0,3,4,4,0,1,3,0,0,0,2,0,0,0,2,0,0,2,0,0,0,0,2,0,0,0,0,1,0,3,0,0,1,0,1792959
"853","wtnE5ZvR2SAyQFs",52,"Female","2",36,"deck5","deck6","P-P",76,4105.22500006482,5,"parity",1,73,962.449999991804,"Yes","Somewhat.","I liked the decks with the progress bar.","Yes. There were definite patterns in most of the decks.","Yes, the decks that alternated colors were the most difficult for me,",3,7,9,1,2,6,3,3,0,0,0,3,0,2,0,4,4,0,3,4,4,0,1,3,0,0,0,2,0,0,0,2,0,0,2,0,0,0,0,2,0,0,0,0,1,0,3,0,0,1,0,1794423
"854","wtnE5ZvR2SAyQFs",52,"Female","2",36,"deck5","deck6","P-P",76,4105.22500006482,6,"magnitude",1,69,690.39000000339,"Yes","Somewhat.","I liked the decks with the progress bar.","Yes. There were definite patterns in most of the decks.","Yes, the decks that alternated colors were the most difficult for me,",3,7,9,1,2,6,3,3,0,0,0,3,0,2,0,4,4,0,3,4,4,0,1,3,0,0,0,2,0,0,0,2,0,0,2,0,0,0,0,2,0,0,0,0,1,0,3,0,0,1,0,1795615
"855","wtnE5ZvR2SAyQFs",52,"Female","2",36,"deck5","deck6","P-P",76,4105.22500006482,7,"parity",4,69,1338.07499997783,"Yes","Somewhat.","I liked the decks with the progress bar.","Yes. There were definite patterns in most of the decks.","Yes, the decks that alternated colors were the most difficult for me,",3,7,9,1,2,6,3,3,0,0,0,3,0,2,0,4,4,0,3,4,4,0,1,3,0,0,0,2,0,0,0,2,0,0,2,0,0,0,0,2,0,0,0,0,1,0,3,0,0,1,0,1797455
"856","wtnE5ZvR2SAyQFs",52,"Female","2",36,"deck5","deck6","P-P",76,4105.22500006482,8,"parity",8,69,738.160000066273,"Yes","Somewhat.","I liked the decks with the progress bar.","Yes. There were definite patterns in most of the decks.","Yes, the decks that alternated colors were the most difficult for me,",3,7,9,1,2,6,3,3,0,0,0,3,0,2,0,4,4,0,3,4,4,0,1,3,0,0,0,2,0,0,0,2,0,0,2,0,0,0,0,2,0,0,0,0,1,0,3,0,0,1,0,1798695
"857","wtnE5ZvR2SAyQFs",52,"Female","2",36,"deck5","deck6","P-P",76,4105.22500006482,9,"parity",1,73,793.449999997392,"Yes","Somewhat.","I liked the decks with the progress bar.","Yes. There were definite patterns in most of the decks.","Yes, the decks that alternated colors were the most difficult for me,",3,7,9,1,2,6,3,3,0,0,0,3,0,2,0,4,4,0,3,4,4,0,1,3,0,0,0,2,0,0,0,2,0,0,2,0,0,0,0,2,0,0,0,0,1,0,3,0,0,1,0,1799991
"858","wtnE5ZvR2SAyQFs",52,"Female","2",36,"deck5","deck6","P-P",76,4105.22500006482,10,"magnitude",2,69,690.19999995362,"Yes","Somewhat.","I liked the decks with the progress bar.","Yes. There were definite patterns in most of the decks.","Yes, the decks that alternated colors were the most difficult for me,",3,7,9,1,2,6,3,3,0,0,0,3,0,2,0,4,4,0,3,4,4,0,1,3,0,0,0,2,0,0,0,2,0,0,2,0,0,0,0,2,0,0,0,0,1,0,3,0,0,1,0,1801183
"859","wtnE5ZvR2SAyQFs",52,"Female","2",36,"deck5","deck6","P-P",76,4105.22500006482,11,"magnitude",8,73,690.019999979995,"Yes","Somewhat.","I liked the decks with the progress bar.","Yes. There were definite patterns in most of the decks.","Yes, the decks that alternated colors were the most difficult for me,",3,7,9,1,2,6,3,3,0,0,0,3,0,2,0,4,4,0,3,4,4,0,1,3,0,0,0,2,0,0,0,2,0,0,2,0,0,0,0,2,0,0,0,0,1,0,3,0,0,1,0,1802375
"860","wtnE5ZvR2SAyQFs",52,"Female","2",36,"deck5","deck6","P-P",76,4105.22500006482,12,"parity",2,69,762.835000059567,"Yes","Somewhat.","I liked the decks with the progress bar.","Yes. There were definite patterns in most of the decks.","Yes, the decks that alternated colors were the most difficult for me,",3,7,9,1,2,6,3,3,0,0,0,3,0,2,0,4,4,0,3,4,4,0,1,3,0,0,0,2,0,0,0,2,0,0,2,0,0,0,0,2,0,0,0,0,1,0,3,0,0,1,0,1803639
"861","wtnE5ZvR2SAyQFs",52,"Female","2",36,"deck5","deck6","P-P",76,4105.22500006482,13,"parity",6,69,658.545000012964,"Yes","Somewhat.","I liked the decks with the progress bar.","Yes. There were definite patterns in most of the decks.","Yes, the decks that alternated colors were the most difficult for me,",3,7,9,1,2,6,3,3,0,0,0,3,0,2,0,4,4,0,3,4,4,0,1,3,0,0,0,2,0,0,0,2,0,0,2,0,0,0,0,2,0,0,0,0,1,0,3,0,0,1,0,1804799
"862","wtnE5ZvR2SAyQFs",52,"Female","2",36,"deck5","deck6","P-P",76,4105.22500006482,14,"parity",7,73,586.269999970682,"Yes","Somewhat.","I liked the decks with the progress bar.","Yes. There were definite patterns in most of the decks.","Yes, the decks that alternated colors were the most difficult for me,",3,7,9,1,2,6,3,3,0,0,0,3,0,2,0,4,4,0,3,4,4,0,1,3,0,0,0,2,0,0,0,2,0,0,2,0,0,0,0,2,0,0,0,0,1,0,3,0,0,1,0,1805887
"863","wtnE5ZvR2SAyQFs",52,"Female","2",36,"deck5","deck6","P-P",76,4105.22500006482,15,"parity",4,69,641.99000003282,"Yes","Somewhat.","I liked the decks with the progress bar.","Yes. There were definite patterns in most of the decks.","Yes, the decks that alternated colors were the most difficult for me,",3,7,9,1,2,6,3,3,0,0,0,3,0,2,0,4,4,0,3,4,4,0,1,3,0,0,0,2,0,0,0,2,0,0,2,0,0,0,0,2,0,0,0,0,1,0,3,0,0,1,0,1807031
"864","wtnE5ZvR2SAyQFs",52,"Female","2",36,"deck5","deck6","P-P",76,4105.22500006482,16,"magnitude",3,69,769.820000045002,"Yes","Somewhat.","I liked the decks with the progress bar.","Yes. There were definite patterns in most of the decks.","Yes, the decks that alternated colors were the most difficult for me,",3,7,9,1,2,6,3,3,0,0,0,3,0,2,0,4,4,0,3,4,4,0,1,3,0,0,0,2,0,0,0,2,0,0,2,0,0,0,0,2,0,0,0,0,1,0,3,0,0,1,0,1808303
"865","wtnE5ZvR2SAyQFs",52,"Female","2",37,"deck3","deck4","P-NP",82,2648.97500001825,1,"magnitude",3,69,2106.43000004347,"Yes","Somewhat.","I liked the decks with the progress bar.","Yes. There were definite patterns in most of the decks.","Yes, the decks that alternated colors were the most difficult for me,",3,7,9,1,2,6,3,3,0,0,0,3,0,2,0,4,4,0,3,4,4,0,1,3,0,0,0,2,0,0,0,2,0,0,2,0,0,0,0,2,0,0,0,0,1,0,3,0,0,1,0,1814567
"866","wtnE5ZvR2SAyQFs",52,"Female","2",37,"deck3","deck4","P-NP",82,2648.97500001825,2,"magnitude",2,69,569.385000038892,"Yes","Somewhat.","I liked the decks with the progress bar.","Yes. There were definite patterns in most of the decks.","Yes, the decks that alternated colors were the most difficult for me,",3,7,9,1,2,6,3,3,0,0,0,3,0,2,0,4,4,0,3,4,4,0,1,3,0,0,0,2,0,0,0,2,0,0,2,0,0,0,0,2,0,0,0,0,1,0,3,0,0,1,0,1815639
"867","wtnE5ZvR2SAyQFs",52,"Female","2",37,"deck3","deck4","P-NP",82,2648.97500001825,3,"magnitude",8,73,570.489999954589,"Yes","Somewhat.","I liked the decks with the progress bar.","Yes. There were definite patterns in most of the decks.","Yes, the decks that alternated colors were the most difficult for me,",3,7,9,1,2,6,3,3,0,0,0,3,0,2,0,4,4,0,3,4,4,0,1,3,0,0,0,2,0,0,0,2,0,0,2,0,0,0,0,2,0,0,0,0,1,0,3,0,0,1,0,1816711
"868","wtnE5ZvR2SAyQFs",52,"Female","2",37,"deck3","deck4","P-NP",82,2648.97500001825,4,"parity",3,73,794.710000045598,"Yes","Somewhat.","I liked the decks with the progress bar.","Yes. There were definite patterns in most of the decks.","Yes, the decks that alternated colors were the most difficult for me,",3,7,9,1,2,6,3,3,0,0,0,3,0,2,0,4,4,0,3,4,4,0,1,3,0,0,0,2,0,0,0,2,0,0,2,0,0,0,0,2,0,0,0,0,1,0,3,0,0,1,0,1818007
"869","wtnE5ZvR2SAyQFs",52,"Female","2",37,"deck3","deck4","P-NP",82,2648.97500001825,5,"parity",3,73,626.560000004247,"Yes","Somewhat.","I liked the decks with the progress bar.","Yes. There were definite patterns in most of the decks.","Yes, the decks that alternated colors were the most difficult for me,",3,7,9,1,2,6,3,3,0,0,0,3,0,2,0,4,4,0,3,4,4,0,1,3,0,0,0,2,0,0,0,2,0,0,2,0,0,0,0,2,0,0,0,0,1,0,3,0,0,1,0,1819135
"870","wtnE5ZvR2SAyQFs",52,"Female","2",37,"deck3","deck4","P-NP",82,2648.97500001825,6,"magnitude",6,73,970.169999985956,"Yes","Somewhat.","I liked the decks with the progress bar.","Yes. There were definite patterns in most of the decks.","Yes, the decks that alternated colors were the most difficult for me,",3,7,9,1,2,6,3,3,0,0,0,3,0,2,0,4,4,0,3,4,4,0,1,3,0,0,0,2,0,0,0,2,0,0,2,0,0,0,0,2,0,0,0,0,1,0,3,0,0,1,0,1820607
"871","wtnE5ZvR2SAyQFs",52,"Female","2",37,"deck3","deck4","P-NP",82,2648.97500001825,7,"magnitude",1,69,722.305000061169,"Yes","Somewhat.","I liked the decks with the progress bar.","Yes. There were definite patterns in most of the decks.","Yes, the decks that alternated colors were the most difficult for me,",3,7,9,1,2,6,3,3,0,0,0,3,0,2,0,4,4,0,3,4,4,0,1,3,0,0,0,2,0,0,0,2,0,0,2,0,0,0,0,2,0,0,0,0,1,0,3,0,0,1,0,1821831
"872","wtnE5ZvR2SAyQFs",52,"Female","2",37,"deck3","deck4","P-NP",82,2648.97500001825,8,"magnitude",4,69,633.904999936931,"Yes","Somewhat.","I liked the decks with the progress bar.","Yes. There were definite patterns in most of the decks.","Yes, the decks that alternated colors were the most difficult for me,",3,7,9,1,2,6,3,3,0,0,0,3,0,2,0,4,4,0,3,4,4,0,1,3,0,0,0,2,0,0,0,2,0,0,2,0,0,0,0,2,0,0,0,0,1,0,3,0,0,1,0,1822967
"873","wtnE5ZvR2SAyQFs",52,"Female","2",37,"deck3","deck4","P-NP",82,2648.97500001825,9,"magnitude",7,73,586.649999953806,"Yes","Somewhat.","I liked the decks with the progress bar.","Yes. There were definite patterns in most of the decks.","Yes, the decks that alternated colors were the most difficult for me,",3,7,9,1,2,6,3,3,0,0,0,3,0,2,0,4,4,0,3,4,4,0,1,3,0,0,0,2,0,0,0,2,0,0,2,0,0,0,0,2,0,0,0,0,1,0,3,0,0,1,0,1824055
"874","wtnE5ZvR2SAyQFs",52,"Female","2",37,"deck3","deck4","P-NP",82,2648.97500001825,10,"magnitude",8,73,634.599999990314,"Yes","Somewhat.","I liked the decks with the progress bar.","Yes. There were definite patterns in most of the decks.","Yes, the decks that alternated colors were the most difficult for me,",3,7,9,1,2,6,3,3,0,0,0,3,0,2,0,4,4,0,3,4,4,0,1,3,0,0,0,2,0,0,0,2,0,0,2,0,0,0,0,2,0,0,0,0,1,0,3,0,0,1,0,1825192
"875","wtnE5ZvR2SAyQFs",52,"Female","2",37,"deck3","deck4","P-NP",82,2648.97500001825,11,"magnitude",4,69,647.750000003725,"Yes","Somewhat.","I liked the decks with the progress bar.","Yes. There were definite patterns in most of the decks.","Yes, the decks that alternated colors were the most difficult for me,",3,7,9,1,2,6,3,3,0,0,0,3,0,2,0,4,4,0,3,4,4,0,1,3,0,0,0,2,0,0,0,2,0,0,2,0,0,0,0,2,0,0,0,0,1,0,3,0,0,1,0,1826343
"876","wtnE5ZvR2SAyQFs",52,"Female","2",37,"deck3","deck4","P-NP",82,2648.97500001825,12,"magnitude",8,73,634.724999894388,"Yes","Somewhat.","I liked the decks with the progress bar.","Yes. There were definite patterns in most of the decks.","Yes, the decks that alternated colors were the most difficult for me,",3,7,9,1,2,6,3,3,0,0,0,3,0,2,0,4,4,0,3,4,4,0,1,3,0,0,0,2,0,0,0,2,0,0,2,0,0,0,0,2,0,0,0,0,1,0,3,0,0,1,0,1827479
"877","wtnE5ZvR2SAyQFs",52,"Female","2",37,"deck3","deck4","P-NP",82,2648.97500001825,13,"magnitude",1,69,802.385000046343,"Yes","Somewhat.","I liked the decks with the progress bar.","Yes. There were definite patterns in most of the decks.","Yes, the decks that alternated colors were the most difficult for me,",3,7,9,1,2,6,3,3,0,0,0,3,0,2,0,4,4,0,3,4,4,0,1,3,0,0,0,2,0,0,0,2,0,0,2,0,0,0,0,2,0,0,0,0,1,0,3,0,0,1,0,1828782
"878","wtnE5ZvR2SAyQFs",52,"Female","2",37,"deck3","deck4","P-NP",82,2648.97500001825,14,"magnitude",7,73,610.209999955259,"Yes","Somewhat.","I liked the decks with the progress bar.","Yes. There were definite patterns in most of the decks.","Yes, the decks that alternated colors were the most difficult for me,",3,7,9,1,2,6,3,3,0,0,0,3,0,2,0,4,4,0,3,4,4,0,1,3,0,0,0,2,0,0,0,2,0,0,2,0,0,0,0,2,0,0,0,0,1,0,3,0,0,1,0,1829895
"879","wtnE5ZvR2SAyQFs",52,"Female","2",37,"deck3","deck4","P-NP",82,2648.97500001825,15,"magnitude",8,73,689.240000094287,"Yes","Somewhat.","I liked the decks with the progress bar.","Yes. There were definite patterns in most of the decks.","Yes, the decks that alternated colors were the most difficult for me,",3,7,9,1,2,6,3,3,0,0,0,3,0,2,0,4,4,0,3,4,4,0,1,3,0,0,0,2,0,0,0,2,0,0,2,0,0,0,0,2,0,0,0,0,1,0,3,0,0,1,0,1831087
"880","wtnE5ZvR2SAyQFs",52,"Female","2",37,"deck3","deck4","P-NP",82,2648.97500001825,16,"magnitude",1,69,690.899999928661,"Yes","Somewhat.","I liked the decks with the progress bar.","Yes. There were definite patterns in most of the decks.","Yes, the decks that alternated colors were the most difficult for me,",3,7,9,1,2,6,3,3,0,0,0,3,0,2,0,4,4,0,3,4,4,0,1,3,0,0,0,2,0,0,0,2,0,0,2,0,0,0,0,2,0,0,0,0,1,0,3,0,0,1,0,1832279
"881","wtnE5ZvR2SAyQFs",52,"Female","2",38,"deck3","deck2","NP-NP",76,73146.6750000836,1,"magnitude",2,69,1124.82499994803,"Yes","Somewhat.","I liked the decks with the progress bar.","Yes. There were definite patterns in most of the decks.","Yes, the decks that alternated colors were the most difficult for me,",3,7,9,1,2,6,3,3,0,0,0,3,0,2,0,4,4,0,3,4,4,0,1,3,0,0,0,2,0,0,0,2,0,0,2,0,0,0,0,2,0,0,0,0,1,0,3,0,0,1,0,1908062
"882","wtnE5ZvR2SAyQFs",52,"Female","2",38,"deck3","deck2","NP-NP",76,73146.6750000836,2,"parity",3,73,649.979999987409,"Yes","Somewhat.","I liked the decks with the progress bar.","Yes. There were definite patterns in most of the decks.","Yes, the decks that alternated colors were the most difficult for me,",3,7,9,1,2,6,3,3,0,0,0,3,0,2,0,4,4,0,3,4,4,0,1,3,0,0,0,2,0,0,0,2,0,0,2,0,0,0,0,2,0,0,0,0,1,0,3,0,0,1,0,1909214
"883","wtnE5ZvR2SAyQFs",52,"Female","2",38,"deck3","deck2","NP-NP",76,73146.6750000836,3,"magnitude",1,69,665.640000021085,"Yes","Somewhat.","I liked the decks with the progress bar.","Yes. There were definite patterns in most of the decks.","Yes, the decks that alternated colors were the most difficult for me,",3,7,9,1,2,6,3,3,0,0,0,3,0,2,0,4,4,0,3,4,4,0,1,3,0,0,0,2,0,0,0,2,0,0,2,0,0,0,0,2,0,0,0,0,1,0,3,0,0,1,0,1910382
"884","wtnE5ZvR2SAyQFs",52,"Female","2",38,"deck3","deck2","NP-NP",76,73146.6750000836,4,"parity",8,69,874.670000048354,"Yes","Somewhat.","I liked the decks with the progress bar.","Yes. There were definite patterns in most of the decks.","Yes, the decks that alternated colors were the most difficult for me,",3,7,9,1,2,6,3,3,0,0,0,3,0,2,0,4,4,0,3,4,4,0,1,3,0,0,0,2,0,0,0,2,0,0,2,0,0,0,0,2,0,0,0,0,1,0,3,0,0,1,0,1911758
"885","wtnE5ZvR2SAyQFs",52,"Female","2",38,"deck3","deck2","NP-NP",76,73146.6750000836,5,"magnitude",3,69,658.479999983683,"Yes","Somewhat.","I liked the decks with the progress bar.","Yes. There were definite patterns in most of the decks.","Yes, the decks that alternated colors were the most difficult for me,",3,7,9,1,2,6,3,3,0,0,0,3,0,2,0,4,4,0,3,4,4,0,1,3,0,0,0,2,0,0,0,2,0,0,2,0,0,0,0,2,0,0,0,0,1,0,3,0,0,1,0,1912918
"886","wtnE5ZvR2SAyQFs",52,"Female","2",38,"deck3","deck2","NP-NP",76,73146.6750000836,6,"parity",4,69,794.140000012703,"Yes","Somewhat.","I liked the decks with the progress bar.","Yes. There were definite patterns in most of the decks.","Yes, the decks that alternated colors were the most difficult for me,",3,7,9,1,2,6,3,3,0,0,0,3,0,2,0,4,4,0,3,4,4,0,1,3,0,0,0,2,0,0,0,2,0,0,2,0,0,0,0,2,0,0,0,0,1,0,3,0,0,1,0,1914214
"887","wtnE5ZvR2SAyQFs",52,"Female","2",38,"deck3","deck2","NP-NP",76,73146.6750000836,7,"magnitude",7,73,617.77000001166,"Yes","Somewhat.","I liked the decks with the progress bar.","Yes. There were definite patterns in most of the decks.","Yes, the decks that alternated colors were the most difficult for me,",3,7,9,1,2,6,3,3,0,0,0,3,0,2,0,4,4,0,3,4,4,0,1,3,0,0,0,2,0,0,0,2,0,0,2,0,0,0,0,2,0,0,0,0,1,0,3,0,0,1,0,1915335
"888","wtnE5ZvR2SAyQFs",52,"Female","2",38,"deck3","deck2","NP-NP",76,73146.6750000836,8,"parity",7,73,665.380000020377,"Yes","Somewhat.","I liked the decks with the progress bar.","Yes. There were definite patterns in most of the decks.","Yes, the decks that alternated colors were the most difficult for me,",3,7,9,1,2,6,3,3,0,0,0,3,0,2,0,4,4,0,3,4,4,0,1,3,0,0,0,2,0,0,0,2,0,0,2,0,0,0,0,2,0,0,0,0,1,0,3,0,0,1,0,1916502
"889","wtnE5ZvR2SAyQFs",52,"Female","2",38,"deck3","deck2","NP-NP",76,73146.6750000836,9,"parity",3,73,689.805000089109,"Yes","Somewhat.","I liked the decks with the progress bar.","Yes. There were definite patterns in most of the decks.","Yes, the decks that alternated colors were the most difficult for me,",3,7,9,1,2,6,3,3,0,0,0,3,0,2,0,4,4,0,3,4,4,0,1,3,0,0,0,2,0,0,0,2,0,0,2,0,0,0,0,2,0,0,0,0,1,0,3,0,0,1,0,1917694
"890","wtnE5ZvR2SAyQFs",52,"Female","2",38,"deck3","deck2","NP-NP",76,73146.6750000836,10,"magnitude",8,73,930.494999978691,"Yes","Somewhat.","I liked the decks with the progress bar.","Yes. There were definite patterns in most of the decks.","Yes, the decks that alternated colors were the most difficult for me,",3,7,9,1,2,6,3,3,0,0,0,3,0,2,0,4,4,0,3,4,4,0,1,3,0,0,0,2,0,0,0,2,0,0,2,0,0,0,0,2,0,0,0,0,1,0,3,0,0,1,0,1919126
"891","wtnE5ZvR2SAyQFs",52,"Female","2",38,"deck3","deck2","NP-NP",76,73146.6750000836,11,"parity",4,69,626.344999996945,"Yes","Somewhat.","I liked the decks with the progress bar.","Yes. There were definite patterns in most of the decks.","Yes, the decks that alternated colors were the most difficult for me,",3,7,9,1,2,6,3,3,0,0,0,3,0,2,0,4,4,0,3,4,4,0,1,3,0,0,0,2,0,0,0,2,0,0,2,0,0,0,0,2,0,0,0,0,1,0,3,0,0,1,0,1920254
"892","wtnE5ZvR2SAyQFs",52,"Female","2",38,"deck3","deck2","NP-NP",76,73146.6750000836,12,"magnitude",6,73,680.905000073835,"Yes","Somewhat.","I liked the decks with the progress bar.","Yes. There were definite patterns in most of the decks.","Yes, the decks that alternated colors were the most difficult for me,",3,7,9,1,2,6,3,3,0,0,0,3,0,2,0,4,4,0,3,4,4,0,1,3,0,0,0,2,0,0,0,2,0,0,2,0,0,0,0,2,0,0,0,0,1,0,3,0,0,1,0,1921438
"893","wtnE5ZvR2SAyQFs",52,"Female","2",38,"deck3","deck2","NP-NP",76,73146.6750000836,13,"parity",2,69,617.800000007264,"Yes","Somewhat.","I liked the decks with the progress bar.","Yes. There were definite patterns in most of the decks.","Yes, the decks that alternated colors were the most difficult for me,",3,7,9,1,2,6,3,3,0,0,0,3,0,2,0,4,4,0,3,4,4,0,1,3,0,0,0,2,0,0,0,2,0,0,2,0,0,0,0,2,0,0,0,0,1,0,3,0,0,1,0,1922558
"894","wtnE5ZvR2SAyQFs",52,"Female","2",38,"deck3","deck2","NP-NP",76,73146.6750000836,14,"magnitude",2,69,802.879999973811,"Yes","Somewhat.","I liked the decks with the progress bar.","Yes. There were definite patterns in most of the decks.","Yes, the decks that alternated colors were the most difficult for me,",3,7,9,1,2,6,3,3,0,0,0,3,0,2,0,4,4,0,3,4,4,0,1,3,0,0,0,2,0,0,0,2,0,0,2,0,0,0,0,2,0,0,0,0,1,0,3,0,0,1,0,1923862
"895","wtnE5ZvR2SAyQFs",52,"Female","2",38,"deck3","deck2","NP-NP",76,73146.6750000836,15,"parity",7,73,618.060000007972,"Yes","Somewhat.","I liked the decks with the progress bar.","Yes. There were definite patterns in most of the decks.","Yes, the decks that alternated colors were the most difficult for me,",3,7,9,1,2,6,3,3,0,0,0,3,0,2,0,4,4,0,3,4,4,0,1,3,0,0,0,2,0,0,0,2,0,0,2,0,0,0,0,2,0,0,0,0,1,0,3,0,0,1,0,1924982
"896","wtnE5ZvR2SAyQFs",52,"Female","2",38,"deck3","deck2","NP-NP",76,73146.6750000836,16,"magnitude",8,73,922.320000012405,"Yes","Somewhat.","I liked the decks with the progress bar.","Yes. There were definite patterns in most of the decks.","Yes, the decks that alternated colors were the most difficult for me,",3,7,9,1,2,6,3,3,0,0,0,3,0,2,0,4,4,0,3,4,4,0,1,3,0,0,0,2,0,0,0,2,0,0,2,0,0,0,0,2,0,0,0,0,1,0,3,0,0,1,0,1926406
"897","wtnE5ZvR2SAyQFs",52,"Female","2",39,"deck4","deck6","P-P",76,3161.4300000947,1,"magnitude",4,69,906.844999990426,"Yes","Somewhat.","I liked the decks with the progress bar.","Yes. There were definite patterns in most of the decks.","Yes, the decks that alternated colors were the most difficult for me,",3,7,9,1,2,6,3,3,0,0,0,3,0,2,0,4,4,0,3,4,4,0,1,3,0,0,0,2,0,0,0,2,0,0,2,0,0,0,0,2,0,0,0,0,1,0,3,0,0,1,0,1931982
"898","wtnE5ZvR2SAyQFs",52,"Female","2",39,"deck4","deck6","P-P",76,3161.4300000947,2,"magnitude",2,69,603.995000012219,"Yes","Somewhat.","I liked the decks with the progress bar.","Yes. There were definite patterns in most of the decks.","Yes, the decks that alternated colors were the most difficult for me,",3,7,9,1,2,6,3,3,0,0,0,3,0,2,0,4,4,0,3,4,4,0,1,3,0,0,0,2,0,0,0,2,0,0,2,0,0,0,0,2,0,0,0,0,1,0,3,0,0,1,0,1933087
"899","wtnE5ZvR2SAyQFs",52,"Female","2",39,"deck4","deck6","P-P",76,3161.4300000947,3,"magnitude",6,73,767.819999950007,"Yes","Somewhat.","I liked the decks with the progress bar.","Yes. There were definite patterns in most of the decks.","Yes, the decks that alternated colors were the most difficult for me,",3,7,9,1,2,6,3,3,0,0,0,3,0,2,0,4,4,0,3,4,4,0,1,3,0,0,0,2,0,0,0,2,0,0,2,0,0,0,0,2,0,0,0,0,1,0,3,0,0,1,0,1934357
"900","wtnE5ZvR2SAyQFs",52,"Female","2",39,"deck4","deck6","P-P",76,3161.4300000947,4,"magnitude",3,69,554.389999946579,"Yes","Somewhat.","I liked the decks with the progress bar.","Yes. There were definite patterns in most of the decks.","Yes, the decks that alternated colors were the most difficult for me,",3,7,9,1,2,6,3,3,0,0,0,3,0,2,0,4,4,0,3,4,4,0,1,3,0,0,0,2,0,0,0,2,0,0,2,0,0,0,0,2,0,0,0,0,1,0,3,0,0,1,0,1935414
"901","wtnE5ZvR2SAyQFs",52,"Female","2",39,"deck4","deck6","P-P",76,3161.4300000947,5,"magnitude",4,69,546.094999997877,"Yes","Somewhat.","I liked the decks with the progress bar.","Yes. There were definite patterns in most of the decks.","Yes, the decks that alternated colors were the most difficult for me,",3,7,9,1,2,6,3,3,0,0,0,3,0,2,0,4,4,0,3,4,4,0,1,3,0,0,0,2,0,0,0,2,0,0,2,0,0,0,0,2,0,0,0,0,1,0,3,0,0,1,0,1936462
"902","wtnE5ZvR2SAyQFs",52,"Female","2",39,"deck4","deck6","P-P",76,3161.4300000947,6,"magnitude",9,73,545.78499996569,"Yes","Somewhat.","I liked the decks with the progress bar.","Yes. There were definite patterns in most of the decks.","Yes, the decks that alternated colors were the most difficult for me,",3,7,9,1,2,6,3,3,0,0,0,3,0,2,0,4,4,0,3,4,4,0,1,3,0,0,0,2,0,0,0,2,0,0,2,0,0,0,0,2,0,0,0,0,1,0,3,0,0,1,0,1937509
"903","wtnE5ZvR2SAyQFs",52,"Female","2",39,"deck4","deck6","P-P",76,3161.4300000947,7,"magnitude",9,73,554.094999912195,"Yes","Somewhat.","I liked the decks with the progress bar.","Yes. There were definite patterns in most of the decks.","Yes, the decks that alternated colors were the most difficult for me,",3,7,9,1,2,6,3,3,0,0,0,3,0,2,0,4,4,0,3,4,4,0,1,3,0,0,0,2,0,0,0,2,0,0,2,0,0,0,0,2,0,0,0,0,1,0,3,0,0,1,0,1938565
"904","wtnE5ZvR2SAyQFs",52,"Female","2",39,"deck4","deck6","P-P",76,3161.4300000947,8,"magnitude",9,73,530.074999900535,"Yes","Somewhat.","I liked the decks with the progress bar.","Yes. There were definite patterns in most of the decks.","Yes, the decks that alternated colors were the most difficult for me,",3,7,9,1,2,6,3,3,0,0,0,3,0,2,0,4,4,0,3,4,4,0,1,3,0,0,0,2,0,0,0,2,0,0,2,0,0,0,0,2,0,0,0,0,1,0,3,0,0,1,0,1939597
"905","wtnE5ZvR2SAyQFs",52,"Female","2",39,"deck4","deck6","P-P",76,3161.4300000947,9,"parity",6,69,826.660000020638,"Yes","Somewhat.","I liked the decks with the progress bar.","Yes. There were definite patterns in most of the decks.","Yes, the decks that alternated colors were the most difficult for me,",3,7,9,1,2,6,3,3,0,0,0,3,0,2,0,4,4,0,3,4,4,0,1,3,0,0,0,2,0,0,0,2,0,0,2,0,0,0,0,2,0,0,0,0,1,0,3,0,0,1,0,1940926
"906","wtnE5ZvR2SAyQFs",52,"Female","2",39,"deck4","deck6","P-P",76,3161.4300000947,10,"parity",2,69,635.38500003051,"Yes","Somewhat.","I liked the decks with the progress bar.","Yes. There were definite patterns in most of the decks.","Yes, the decks that alternated colors were the most difficult for me,",3,7,9,1,2,6,3,3,0,0,0,3,0,2,0,4,4,0,3,4,4,0,1,3,0,0,0,2,0,0,0,2,0,0,2,0,0,0,0,2,0,0,0,0,1,0,3,0,0,1,0,1942063
"907","wtnE5ZvR2SAyQFs",52,"Female","2",39,"deck4","deck6","P-P",76,3161.4300000947,11,"parity",4,69,535.895000095479,"Yes","Somewhat.","I liked the decks with the progress bar.","Yes. There were definite patterns in most of the decks.","Yes, the decks that alternated colors were the most difficult for me,",3,7,9,1,2,6,3,3,0,0,0,3,0,2,0,4,4,0,3,4,4,0,1,3,0,0,0,2,0,0,0,2,0,0,2,0,0,0,0,2,0,0,0,0,1,0,3,0,0,1,0,1943109
"908","wtnE5ZvR2SAyQFs",52,"Female","2",39,"deck4","deck6","P-P",76,3161.4300000947,12,"parity",6,69,617.830000002868,"Yes","Somewhat.","I liked the decks with the progress bar.","Yes. There were definite patterns in most of the decks.","Yes, the decks that alternated colors were the most difficult for me,",3,7,9,1,2,6,3,3,0,0,0,3,0,2,0,4,4,0,3,4,4,0,1,3,0,0,0,2,0,0,0,2,0,0,2,0,0,0,0,2,0,0,0,0,1,0,3,0,0,1,0,1944230
"909","wtnE5ZvR2SAyQFs",52,"Female","2",39,"deck4","deck6","P-P",76,3161.4300000947,13,"parity",2,69,601.819999981672,"Yes","Somewhat.","I liked the decks with the progress bar.","Yes. There were definite patterns in most of the decks.","Yes, the decks that alternated colors were the most difficult for me,",3,7,9,1,2,6,3,3,0,0,0,3,0,2,0,4,4,0,3,4,4,0,1,3,0,0,0,2,0,0,0,2,0,0,2,0,0,0,0,2,0,0,0,0,1,0,3,0,0,1,0,1945333
"910","wtnE5ZvR2SAyQFs",52,"Female","2",39,"deck4","deck6","P-P",76,3161.4300000947,14,"parity",6,69,738.464999943972,"Yes","Somewhat.","I liked the decks with the progress bar.","Yes. There were definite patterns in most of the decks.","Yes, the decks that alternated colors were the most difficult for me,",3,7,9,1,2,6,3,3,0,0,0,3,0,2,0,4,4,0,3,4,4,0,1,3,0,0,0,2,0,0,0,2,0,0,2,0,0,0,0,2,0,0,0,0,1,0,3,0,0,1,0,1946573
"911","wtnE5ZvR2SAyQFs",52,"Female","2",39,"deck4","deck6","P-P",76,3161.4300000947,15,"magnitude",6,73,602.26000007242,"Yes","Somewhat.","I liked the decks with the progress bar.","Yes. There were definite patterns in most of the decks.","Yes, the decks that alternated colors were the most difficult for me,",3,7,9,1,2,6,3,3,0,0,0,3,0,2,0,4,4,0,3,4,4,0,1,3,0,0,0,2,0,0,0,2,0,0,2,0,0,0,0,2,0,0,0,0,1,0,3,0,0,1,0,1947677
"912","wtnE5ZvR2SAyQFs",52,"Female","2",39,"deck4","deck6","P-P",76,3161.4300000947,16,"magnitude",4,69,657.899999991059,"Yes","Somewhat.","I liked the decks with the progress bar.","Yes. There were definite patterns in most of the decks.","Yes, the decks that alternated colors were the most difficult for me,",3,7,9,1,2,6,3,3,0,0,0,3,0,2,0,4,4,0,3,4,4,0,1,3,0,0,0,2,0,0,0,2,0,0,2,0,0,0,0,2,0,0,0,0,1,0,3,0,0,1,0,1948837
"913","wtnE5ZvR2SAyQFs",52,"Female","2",40,"deck5","deck3","P-NP",76,2569.09999996424,1,"magnitude",3,69,1730.37500004284,"Yes","Somewhat.","I liked the decks with the progress bar.","Yes. There were definite patterns in most of the decks.","Yes, the decks that alternated colors were the most difficult for me,",3,7,9,1,2,6,3,3,0,0,0,3,0,2,0,4,4,0,3,4,4,0,1,3,0,0,0,2,0,0,0,2,0,0,2,0,0,0,0,2,0,0,0,0,1,0,3,0,0,1,0,1954645
"914","wtnE5ZvR2SAyQFs",52,"Female","2",40,"deck5","deck3","P-NP",76,2569.09999996424,2,"parity",4,69,786.819999921136,"Yes","Somewhat.","I liked the decks with the progress bar.","Yes. There were definite patterns in most of the decks.","Yes, the decks that alternated colors were the most difficult for me,",3,7,9,1,2,6,3,3,0,0,0,3,0,2,0,4,4,0,3,4,4,0,1,3,0,0,0,2,0,0,0,2,0,0,2,0,0,0,0,2,0,0,0,0,1,0,3,0,0,1,0,1955933
"915","wtnE5ZvR2SAyQFs",52,"Female","2",40,"deck5","deck3","P-NP",76,2569.09999996424,3,"parity",4,69,626.610000035726,"Yes","Somewhat.","I liked the decks with the progress bar.","Yes. There were definite patterns in most of the decks.","Yes, the decks that alternated colors were the most difficult for me,",3,7,9,1,2,6,3,3,0,0,0,3,0,2,0,4,4,0,3,4,4,0,1,3,0,0,0,2,0,0,0,2,0,0,2,0,0,0,0,2,0,0,0,0,1,0,3,0,0,1,0,1957061
"916","wtnE5ZvR2SAyQFs",52,"Female","2",40,"deck5","deck3","P-NP",76,2569.09999996424,4,"magnitude",2,69,610.250000027008,"Yes","Somewhat.","I liked the decks with the progress bar.","Yes. There were definite patterns in most of the decks.","Yes, the decks that alternated colors were the most difficult for me,",3,7,9,1,2,6,3,3,0,0,0,3,0,2,0,4,4,0,3,4,4,0,1,3,0,0,0,2,0,0,0,2,0,0,2,0,0,0,0,2,0,0,0,0,1,0,3,0,0,1,0,1958173
"917","wtnE5ZvR2SAyQFs",52,"Female","2",40,"deck5","deck3","P-NP",76,2569.09999996424,5,"magnitude",2,69,610.140000004321,"Yes","Somewhat.","I liked the decks with the progress bar.","Yes. There were definite patterns in most of the decks.","Yes, the decks that alternated colors were the most difficult for me,",3,7,9,1,2,6,3,3,0,0,0,3,0,2,0,4,4,0,3,4,4,0,1,3,0,0,0,2,0,0,0,2,0,0,2,0,0,0,0,2,0,0,0,0,1,0,3,0,0,1,0,1959285
"918","wtnE5ZvR2SAyQFs",52,"Female","2",40,"deck5","deck3","P-NP",76,2569.09999996424,6,"parity",1,73,691.379999974743,"Yes","Somewhat.","I liked the decks with the progress bar.","Yes. There were definite patterns in most of the decks.","Yes, the decks that alternated colors were the most difficult for me,",3,7,9,1,2,6,3,3,0,0,0,3,0,2,0,4,4,0,3,4,4,0,1,3,0,0,0,2,0,0,0,2,0,0,2,0,0,0,0,2,0,0,0,0,1,0,3,0,0,1,0,1960479
"919","wtnE5ZvR2SAyQFs",52,"Female","2",40,"deck5","deck3","P-NP",76,2569.09999996424,7,"magnitude",1,69,673.069999902509,"Yes","Somewhat.","I liked the decks with the progress bar.","Yes. There were definite patterns in most of the decks.","Yes, the decks that alternated colors were the most difficult for me,",3,7,9,1,2,6,3,3,0,0,0,3,0,2,0,4,4,0,3,4,4,0,1,3,0,0,0,2,0,0,0,2,0,0,2,0,0,0,0,2,0,0,0,0,1,0,3,0,0,1,0,1961653
"920","wtnE5ZvR2SAyQFs",52,"Female","2",40,"deck5","deck3","P-NP",76,2569.09999996424,8,"parity",8,69,818.519999971613,"Yes","Somewhat.","I liked the decks with the progress bar.","Yes. There were definite patterns in most of the decks.","Yes, the decks that alternated colors were the most difficult for me,",3,7,9,1,2,6,3,3,0,0,0,3,0,2,0,4,4,0,3,4,4,0,1,3,0,0,0,2,0,0,0,2,0,0,2,0,0,0,0,2,0,0,0,0,1,0,3,0,0,1,0,1962973
"921","wtnE5ZvR2SAyQFs",52,"Female","2",40,"deck5","deck3","P-NP",76,2569.09999996424,9,"parity",8,69,657.089999993332,"Yes","Somewhat.","I liked the decks with the progress bar.","Yes. There were definite patterns in most of the decks.","Yes, the decks that alternated colors were the most difficult for me,",3,7,9,1,2,6,3,3,0,0,0,3,0,2,0,4,4,0,3,4,4,0,1,3,0,0,0,2,0,0,0,2,0,0,2,0,0,0,0,2,0,0,0,0,1,0,3,0,0,1,0,1964133
"922","wtnE5ZvR2SAyQFs",52,"Female","2",40,"deck5","deck3","P-NP",76,2569.09999996424,10,"parity",7,73,530.954999965616,"Yes","Somewhat.","I liked the decks with the progress bar.","Yes. There were definite patterns in most of the decks.","Yes, the decks that alternated colors were the most difficult for me,",3,7,9,1,2,6,3,3,0,0,0,3,0,2,0,4,4,0,3,4,4,0,1,3,0,0,0,2,0,0,0,2,0,0,2,0,0,0,0,2,0,0,0,0,1,0,3,0,0,1,0,1965165
"923","wtnE5ZvR2SAyQFs",52,"Female","2",40,"deck5","deck3","P-NP",76,2569.09999996424,11,"parity",3,73,697.404999984428,"Yes","Somewhat.","I liked the decks with the progress bar.","Yes. There were definite patterns in most of the decks.","Yes, the decks that alternated colors were the most difficult for me,",3,7,9,1,2,6,3,3,0,0,0,3,0,2,0,4,4,0,3,4,4,0,1,3,0,0,0,2,0,0,0,2,0,0,2,0,0,0,0,2,0,0,0,0,1,0,3,0,0,1,0,1966365
"924","wtnE5ZvR2SAyQFs",52,"Female","2",40,"deck5","deck3","P-NP",76,2569.09999996424,12,"magnitude",3,69,609.309999970719,"Yes","Somewhat.","I liked the decks with the progress bar.","Yes. There were definite patterns in most of the decks.","Yes, the decks that alternated colors were the most difficult for me,",3,7,9,1,2,6,3,3,0,0,0,3,0,2,0,4,4,0,3,4,4,0,1,3,0,0,0,2,0,0,0,2,0,0,2,0,0,0,0,2,0,0,0,0,1,0,3,0,0,1,0,1967477
"925","wtnE5ZvR2SAyQFs",52,"Female","2",40,"deck5","deck3","P-NP",76,2569.09999996424,13,"parity",3,73,690.990000031888,"Yes","Somewhat.","I liked the decks with the progress bar.","Yes. There were definite patterns in most of the decks.","Yes, the decks that alternated colors were the most difficult for me,",3,7,9,1,2,6,3,3,0,0,0,3,0,2,0,4,4,0,3,4,4,0,1,3,0,0,0,2,0,0,0,2,0,0,2,0,0,0,0,2,0,0,0,0,1,0,3,0,0,1,0,1968671
"926","wtnE5ZvR2SAyQFs",52,"Female","2",40,"deck5","deck3","P-NP",76,2569.09999996424,14,"magnitude",6,73,839.489999925718,"Yes","Somewhat.","I liked the decks with the progress bar.","Yes. There were definite patterns in most of the decks.","Yes, the decks that alternated colors were the most difficult for me,",3,7,9,1,2,6,3,3,0,0,0,3,0,2,0,4,4,0,3,4,4,0,1,3,0,0,0,2,0,0,0,2,0,0,2,0,0,0,0,2,0,0,0,0,1,0,3,0,0,1,0,1970013
"927","wtnE5ZvR2SAyQFs",52,"Female","2",40,"deck5","deck3","P-NP",76,2569.09999996424,15,"magnitude",4,69,642.625000094995,"Yes","Somewhat.","I liked the decks with the progress bar.","Yes. There were definite patterns in most of the decks.","Yes, the decks that alternated colors were the most difficult for me,",3,7,9,1,2,6,3,3,0,0,0,3,0,2,0,4,4,0,3,4,4,0,1,3,0,0,0,2,0,0,0,2,0,0,2,0,0,0,0,2,0,0,0,0,1,0,3,0,0,1,0,1971157
"928","wtnE5ZvR2SAyQFs",52,"Female","2",40,"deck5","deck3","P-NP",76,2569.09999996424,16,"magnitude",8,73,690.335000050254,"Yes","Somewhat.","I liked the decks with the progress bar.","Yes. There were definite patterns in most of the decks.","Yes, the decks that alternated colors were the most difficult for me,",3,7,9,1,2,6,3,3,0,0,0,3,0,2,0,4,4,0,3,4,4,0,1,3,0,0,0,2,0,0,0,2,0,0,2,0,0,0,0,2,0,0,0,0,1,0,3,0,0,1,0,1972349
"929","wtnE5ZvR2SAyQFs",52,"Female","2",41,"deck2","deck3","NP-NP",82,2545.4749999335,1,"magnitude",2,69,1740.00499991234,"Yes","Somewhat.","I liked the decks with the progress bar.","Yes. There were definite patterns in most of the decks.","Yes, the decks that alternated colors were the most difficult for me,",3,7,9,1,2,6,3,3,0,0,0,3,0,2,0,4,4,0,3,4,4,0,1,3,0,0,0,2,0,0,0,2,0,0,2,0,0,0,0,2,0,0,0,0,1,0,3,0,0,1,0,1978142
"930","wtnE5ZvR2SAyQFs",52,"Female","2",41,"deck2","deck3","NP-NP",82,2545.4749999335,2,"parity",1,73,848.934999899939,"Yes","Somewhat.","I liked the decks with the progress bar.","Yes. There were definite patterns in most of the decks.","Yes, the decks that alternated colors were the most difficult for me,",3,7,9,1,2,6,3,3,0,0,0,3,0,2,0,4,4,0,3,4,4,0,1,3,0,0,0,2,0,0,0,2,0,0,2,0,0,0,0,2,0,0,0,0,1,0,3,0,0,1,0,1979493
"931","wtnE5ZvR2SAyQFs",52,"Female","2",41,"deck2","deck3","NP-NP",82,2545.4749999335,3,"magnitude",4,69,586.570000043139,"Yes","Somewhat.","I liked the decks with the progress bar.","Yes. There were definite patterns in most of the decks.","Yes, the decks that alternated colors were the most difficult for me,",3,7,9,1,2,6,3,3,0,0,0,3,0,2,0,4,4,0,3,4,4,0,1,3,0,0,0,2,0,0,0,2,0,0,2,0,0,0,0,2,0,0,0,0,1,0,3,0,0,1,0,1980581
"932","wtnE5ZvR2SAyQFs",52,"Female","2",41,"deck2","deck3","NP-NP",82,2545.4749999335,4,"magnitude",6,73,562.214999925345,"Yes","Somewhat.","I liked the decks with the progress bar.","Yes. There were definite patterns in most of the decks.","Yes, the decks that alternated colors were the most difficult for me,",3,7,9,1,2,6,3,3,0,0,0,3,0,2,0,4,4,0,3,4,4,0,1,3,0,0,0,2,0,0,0,2,0,0,2,0,0,0,0,2,0,0,0,0,1,0,3,0,0,1,0,1981645
"933","wtnE5ZvR2SAyQFs",52,"Female","2",41,"deck2","deck3","NP-NP",82,2545.4749999335,5,"parity",8,69,650.015000021085,"Yes","Somewhat.","I liked the decks with the progress bar.","Yes. There were definite patterns in most of the decks.","Yes, the decks that alternated colors were the most difficult for me,",3,7,9,1,2,6,3,3,0,0,0,3,0,2,0,4,4,0,3,4,4,0,1,3,0,0,0,2,0,0,0,2,0,0,2,0,0,0,0,2,0,0,0,0,1,0,3,0,0,1,0,1982797
"934","wtnE5ZvR2SAyQFs",52,"Female","2",41,"deck2","deck3","NP-NP",82,2545.4749999335,6,"magnitude",6,73,634.489999967627,"Yes","Somewhat.","I liked the decks with the progress bar.","Yes. There were definite patterns in most of the decks.","Yes, the decks that alternated colors were the most difficult for me,",3,7,9,1,2,6,3,3,0,0,0,3,0,2,0,4,4,0,3,4,4,0,1,3,0,0,0,2,0,0,0,2,0,0,2,0,0,0,0,2,0,0,0,0,1,0,3,0,0,1,0,1983933
"935","wtnE5ZvR2SAyQFs",52,"Female","2",41,"deck2","deck3","NP-NP",82,2545.4749999335,7,"parity",9,73,682.305000023916,"Yes","Somewhat.","I liked the decks with the progress bar.","Yes. There were definite patterns in most of the decks.","Yes, the decks that alternated colors were the most difficult for me,",3,7,9,1,2,6,3,3,0,0,0,3,0,2,0,4,4,0,3,4,4,0,1,3,0,0,0,2,0,0,0,2,0,0,2,0,0,0,0,2,0,0,0,0,1,0,3,0,0,1,0,1985117
"936","wtnE5ZvR2SAyQFs",52,"Female","2",41,"deck2","deck3","NP-NP",82,2545.4749999335,8,"magnitude",9,73,866.25500000082,"Yes","Somewhat.","I liked the decks with the progress bar.","Yes. There were definite patterns in most of the decks.","Yes, the decks that alternated colors were the most difficult for me,",3,7,9,1,2,6,3,3,0,0,0,3,0,2,0,4,4,0,3,4,4,0,1,3,0,0,0,2,0,0,0,2,0,0,2,0,0,0,0,2,0,0,0,0,1,0,3,0,0,1,0,1986485
"937","wtnE5ZvR2SAyQFs",52,"Female","2",41,"deck2","deck3","NP-NP",82,2545.4749999335,9,"parity",8,69,753.065000055358,"Yes","Somewhat.","I liked the decks with the progress bar.","Yes. There were definite patterns in most of the decks.","Yes, the decks that alternated colors were the most difficult for me,",3,7,9,1,2,6,3,3,0,0,0,3,0,2,0,4,4,0,3,4,4,0,1,3,0,0,0,2,0,0,0,2,0,0,2,0,0,0,0,2,0,0,0,0,1,0,3,0,0,1,0,1987741
"938","wtnE5ZvR2SAyQFs",52,"Female","2",41,"deck2","deck3","NP-NP",82,2545.4749999335,10,"magnitude",1,69,810.444999951869,"Yes","Somewhat.","I liked the decks with the progress bar.","Yes. There were definite patterns in most of the decks.","Yes, the decks that alternated colors were the most difficult for me,",3,7,9,1,2,6,3,3,0,0,0,3,0,2,0,4,4,0,3,4,4,0,1,3,0,0,0,2,0,0,0,2,0,0,2,0,0,0,0,2,0,0,0,0,1,0,3,0,0,1,0,1989053
"939","wtnE5ZvR2SAyQFs",52,"Female","2",41,"deck2","deck3","NP-NP",82,2545.4749999335,11,"parity",3,73,866.200000047684,"Yes","Somewhat.","I liked the decks with the progress bar.","Yes. There were definite patterns in most of the decks.","Yes, the decks that alternated colors were the most difficult for me,",3,7,9,1,2,6,3,3,0,0,0,3,0,2,0,4,4,0,3,4,4,0,1,3,0,0,0,2,0,0,0,2,0,0,2,0,0,0,0,2,0,0,0,0,1,0,3,0,0,1,0,1990421
"940","wtnE5ZvR2SAyQFs",52,"Female","2",41,"deck2","deck3","NP-NP",82,2545.4749999335,12,"magnitude",8,73,930.365000036545,"Yes","Somewhat.","I liked the decks with the progress bar.","Yes. There were definite patterns in most of the decks.","Yes, the decks that alternated colors were the most difficult for me,",3,7,9,1,2,6,3,3,0,0,0,3,0,2,0,4,4,0,3,4,4,0,1,3,0,0,0,2,0,0,0,2,0,0,2,0,0,0,0,2,0,0,0,0,1,0,3,0,0,1,0,1991853
"941","wtnE5ZvR2SAyQFs",52,"Female","2",41,"deck2","deck3","NP-NP",82,2545.4749999335,13,"parity",9,73,786.284999921918,"Yes","Somewhat.","I liked the decks with the progress bar.","Yes. There were definite patterns in most of the decks.","Yes, the decks that alternated colors were the most difficult for me,",3,7,9,1,2,6,3,3,0,0,0,3,0,2,0,4,4,0,3,4,4,0,1,3,0,0,0,2,0,0,0,2,0,0,2,0,0,0,0,2,0,0,0,0,1,0,3,0,0,1,0,1993141
"942","wtnE5ZvR2SAyQFs",52,"Female","2",41,"deck2","deck3","NP-NP",82,2545.4749999335,14,"magnitude",6,73,1129.71499993,"Yes","Somewhat.","I liked the decks with the progress bar.","Yes. There were definite patterns in most of the decks.","Yes, the decks that alternated colors were the most difficult for me,",3,7,9,1,2,6,3,3,0,0,0,3,0,2,0,4,4,0,3,4,4,0,1,3,0,0,0,2,0,0,0,2,0,0,2,0,0,0,0,2,0,0,0,0,1,0,3,0,0,1,0,1994773
"943","wtnE5ZvR2SAyQFs",52,"Female","2",41,"deck2","deck3","NP-NP",82,2545.4749999335,15,"parity",1,73,1059.06999995932,"Yes","Somewhat.","I liked the decks with the progress bar.","Yes. There were definite patterns in most of the decks.","Yes, the decks that alternated colors were the most difficult for me,",3,7,9,1,2,6,3,3,0,0,0,3,0,2,0,4,4,0,3,4,4,0,1,3,0,0,0,2,0,0,0,2,0,0,2,0,0,0,0,2,0,0,0,0,1,0,3,0,0,1,0,1996334
"944","wtnE5ZvR2SAyQFs",52,"Female","2",41,"deck2","deck3","NP-NP",82,2545.4749999335,16,"magnitude",8,73,847.300000023097,"Yes","Somewhat.","I liked the decks with the progress bar.","Yes. There were definite patterns in most of the decks.","Yes, the decks that alternated colors were the most difficult for me,",3,7,9,1,2,6,3,3,0,0,0,3,0,2,0,4,4,0,3,4,4,0,1,3,0,0,0,2,0,0,0,2,0,0,2,0,0,0,0,2,0,0,0,0,1,0,3,0,0,1,0,1997685
"945","wtnE5ZvR2SAyQFs",52,"Female","2",42,"deck3","deck6","P-NP",82,3249.53499995172,1,"parity",3,73,1458.96499999799,"Yes","Somewhat.","I liked the decks with the progress bar.","Yes. There were definite patterns in most of the decks.","Yes, the decks that alternated colors were the most difficult for me,",3,7,9,1,2,6,3,3,0,0,0,3,0,2,0,4,4,0,3,4,4,0,1,3,0,0,0,2,0,0,0,2,0,0,2,0,0,0,0,2,0,0,0,0,1,0,3,0,0,1,0,2003901
"946","wtnE5ZvR2SAyQFs",52,"Female","2",42,"deck3","deck6","P-NP",82,3249.53499995172,2,"magnitude",1,69,763.745000003837,"Yes","Somewhat.","I liked the decks with the progress bar.","Yes. There were definite patterns in most of the decks.","Yes, the decks that alternated colors were the most difficult for me,",3,7,9,1,2,6,3,3,0,0,0,3,0,2,0,4,4,0,3,4,4,0,1,3,0,0,0,2,0,0,0,2,0,0,2,0,0,0,0,2,0,0,0,0,1,0,3,0,0,1,0,2005166
"947","wtnE5ZvR2SAyQFs",52,"Female","2",42,"deck3","deck6","P-NP",82,3249.53499995172,3,"parity",6,73,1136.31500001065,"Yes","Somewhat.","I liked the decks with the progress bar.","Yes. There were definite patterns in most of the decks.","Yes, the decks that alternated colors were the most difficult for me,",3,7,9,1,2,6,3,3,0,0,0,3,0,2,0,4,4,0,3,4,4,0,1,3,0,0,0,2,0,0,0,2,0,0,2,0,0,0,0,2,0,0,0,0,1,0,3,0,0,1,0,2006805
"948","wtnE5ZvR2SAyQFs",52,"Female","2",42,"deck3","deck6","P-NP",82,3249.53499995172,4,"magnitude",1,69,802.505000028759,"Yes","Somewhat.","I liked the decks with the progress bar.","Yes. There were definite patterns in most of the decks.","Yes, the decks that alternated colors were the most difficult for me,",3,7,9,1,2,6,3,3,0,0,0,3,0,2,0,4,4,0,3,4,4,0,1,3,0,0,0,2,0,0,0,2,0,0,2,0,0,0,0,2,0,0,0,0,1,0,3,0,0,1,0,2008109
"949","wtnE5ZvR2SAyQFs",52,"Female","2",42,"deck3","deck6","P-NP",82,3249.53499995172,5,"parity",9,73,593.82499998901,"Yes","Somewhat.","I liked the decks with the progress bar.","Yes. There were definite patterns in most of the decks.","Yes, the decks that alternated colors were the most difficult for me,",3,7,9,1,2,6,3,3,0,0,0,3,0,2,0,4,4,0,3,4,4,0,1,3,0,0,0,2,0,0,0,2,0,0,2,0,0,0,0,2,0,0,0,0,1,0,3,0,0,1,0,2009205
"950","wtnE5ZvR2SAyQFs",52,"Female","2",42,"deck3","deck6","P-NP",82,3249.53499995172,6,"magnitude",7,73,681.569999898784,"Yes","Somewhat.","I liked the decks with the progress bar.","Yes. There were definite patterns in most of the decks.","Yes, the decks that alternated colors were the most difficult for me,",3,7,9,1,2,6,3,3,0,0,0,3,0,2,0,4,4,0,3,4,4,0,1,3,0,0,0,2,0,0,0,2,0,0,2,0,0,0,0,2,0,0,0,0,1,0,3,0,0,1,0,2010389
"951","wtnE5ZvR2SAyQFs",52,"Female","2",42,"deck3","deck6","P-NP",82,3249.53499995172,7,"parity",4,69,738.420000066981,"Yes","Somewhat.","I liked the decks with the progress bar.","Yes. There were definite patterns in most of the decks.","Yes, the decks that alternated colors were the most difficult for me,",3,7,9,1,2,6,3,3,0,0,0,3,0,2,0,4,4,0,3,4,4,0,1,3,0,0,0,2,0,0,0,2,0,0,2,0,0,0,0,2,0,0,0,0,1,0,3,0,0,1,0,2011629
"952","wtnE5ZvR2SAyQFs",52,"Female","2",42,"deck3","deck6","P-NP",82,3249.53499995172,8,"magnitude",3,69,922.279999940656,"Yes","Somewhat.","I liked the decks with the progress bar.","Yes. There were definite patterns in most of the decks.","Yes, the decks that alternated colors were the most difficult for me,",3,7,9,1,2,6,3,3,0,0,0,3,0,2,0,4,4,0,3,4,4,0,1,3,0,0,0,2,0,0,0,2,0,0,2,0,0,0,0,2,0,0,0,0,1,0,3,0,0,1,0,2013053
"953","wtnE5ZvR2SAyQFs",52,"Female","2",42,"deck3","deck6","P-NP",82,3249.53499995172,9,"parity",8,69,803.225000039674,"Yes","Somewhat.","I liked the decks with the progress bar.","Yes. There were definite patterns in most of the decks.","Yes, the decks that alternated colors were the most difficult for me,",3,7,9,1,2,6,3,3,0,0,0,3,0,2,0,4,4,0,3,4,4,0,1,3,0,0,0,2,0,0,0,2,0,0,2,0,0,0,0,2,0,0,0,0,1,0,3,0,0,1,0,2014358
"954","wtnE5ZvR2SAyQFs",52,"Female","2",42,"deck3","deck6","P-NP",82,3249.53499995172,10,"magnitude",4,69,655.204999959096,"Yes","Somewhat.","I liked the decks with the progress bar.","Yes. There were definite patterns in most of the decks.","Yes, the decks that alternated colors were the most difficult for me,",3,7,9,1,2,6,3,3,0,0,0,3,0,2,0,4,4,0,3,4,4,0,1,3,0,0,0,2,0,0,0,2,0,0,2,0,0,0,0,2,0,0,0,0,1,0,3,0,0,1,0,2015516
"955","wtnE5ZvR2SAyQFs",52,"Female","2",42,"deck3","deck6","P-NP",82,3249.53499995172,11,"parity",6,69,665.975000010803,"Yes","Somewhat.","I liked the decks with the progress bar.","Yes. There were definite patterns in most of the decks.","Yes, the decks that alternated colors were the most difficult for me,",3,7,9,1,2,6,3,3,0,0,0,3,0,2,0,4,4,0,3,4,4,0,1,3,0,0,0,2,0,0,0,2,0,0,2,0,0,0,0,2,0,0,0,0,1,0,3,0,0,1,0,2016685
"956","wtnE5ZvR2SAyQFs",52,"Female","2",42,"deck3","deck6","P-NP",82,3249.53499995172,12,"magnitude",8,73,546.619999920949,"Yes","Somewhat.","I liked the decks with the progress bar.","Yes. There were definite patterns in most of the decks.","Yes, the decks that alternated colors were the most difficult for me,",3,7,9,1,2,6,3,3,0,0,0,3,0,2,0,4,4,0,3,4,4,0,1,3,0,0,0,2,0,0,0,2,0,0,2,0,0,0,0,2,0,0,0,0,1,0,3,0,0,1,0,2017732
"957","wtnE5ZvR2SAyQFs",52,"Female","2",42,"deck3","deck6","P-NP",82,3249.53499995172,13,"magnitude",8,73,682.54499998875,"Yes","Somewhat.","I liked the decks with the progress bar.","Yes. There were definite patterns in most of the decks.","Yes, the decks that alternated colors were the most difficult for me,",3,7,9,1,2,6,3,3,0,0,0,3,0,2,0,4,4,0,3,4,4,0,1,3,0,0,0,2,0,0,0,2,0,0,2,0,0,0,0,2,0,0,0,0,1,0,3,0,0,1,0,2018917
"958","wtnE5ZvR2SAyQFs",52,"Female","2",42,"deck3","deck6","P-NP",82,3249.53499995172,14,"parity",8,69,1066.02500006557,"Yes","Somewhat.","I liked the decks with the progress bar.","Yes. There were definite patterns in most of the decks.","Yes, the decks that alternated colors were the most difficult for me,",3,7,9,1,2,6,3,3,0,0,0,3,0,2,0,4,4,0,3,4,4,0,1,3,0,0,0,2,0,0,0,2,0,0,2,0,0,0,0,2,0,0,0,0,1,0,3,0,0,1,0,2020484
"959","wtnE5ZvR2SAyQFs",52,"Female","2",42,"deck3","deck6","P-NP",82,3249.53499995172,15,"magnitude",6,73,1249.84999990556,"Yes","Somewhat.","I liked the decks with the progress bar.","Yes. There were definite patterns in most of the decks.","Yes, the decks that alternated colors were the most difficult for me,",3,7,9,1,2,6,3,3,0,0,0,3,0,2,0,4,4,0,3,4,4,0,1,3,0,0,0,2,0,0,0,2,0,0,2,0,0,0,0,2,0,0,0,0,1,0,3,0,0,1,0,2022236
"960","wtnE5ZvR2SAyQFs",52,"Female","2",42,"deck3","deck6","P-NP",82,3249.53499995172,16,"parity",6,69,827.325000078417,"Yes","Somewhat.","I liked the decks with the progress bar.","Yes. There were definite patterns in most of the decks.","Yes, the decks that alternated colors were the most difficult for me,",3,7,9,1,2,6,3,3,0,0,0,3,0,2,0,4,4,0,3,4,4,0,1,3,0,0,0,2,0,0,0,2,0,0,2,0,0,0,0,2,0,0,0,0,1,0,3,0,0,1,0,2023566
"961","wtnE5ZvR2SAyQFs",52,"Female","2",43,"deck2","deck3","NP-NP",82,3334.58999998402,1,"magnitude",2,69,1162.82999992836,"Yes","Somewhat.","I liked the decks with the progress bar.","Yes. There were definite patterns in most of the decks.","Yes, the decks that alternated colors were the most difficult for me,",3,7,9,1,2,6,3,3,0,0,0,3,0,2,0,4,4,0,3,4,4,0,1,3,0,0,0,2,0,0,0,2,0,0,2,0,0,0,0,2,0,0,0,0,1,0,3,0,0,1,0,2029573
"962","wtnE5ZvR2SAyQFs",52,"Female","2",43,"deck2","deck3","NP-NP",82,3334.58999998402,2,"magnitude",8,73,601.895000087097,"Yes","Somewhat.","I liked the decks with the progress bar.","Yes. There were definite patterns in most of the decks.","Yes, the decks that alternated colors were the most difficult for me,",3,7,9,1,2,6,3,3,0,0,0,3,0,2,0,4,4,0,3,4,4,0,1,3,0,0,0,2,0,0,0,2,0,0,2,0,0,0,0,2,0,0,0,0,1,0,3,0,0,1,0,2030677
"963","wtnE5ZvR2SAyQFs",52,"Female","2",43,"deck2","deck3","NP-NP",82,3334.58999998402,3,"parity",7,73,818.640000070445,"Yes","Somewhat.","I liked the decks with the progress bar.","Yes. There were definite patterns in most of the decks.","Yes, the decks that alternated colors were the most difficult for me,",3,7,9,1,2,6,3,3,0,0,0,3,0,2,0,4,4,0,3,4,4,0,1,3,0,0,0,2,0,0,0,2,0,0,2,0,0,0,0,2,0,0,0,0,1,0,3,0,0,1,0,2031997
"964","wtnE5ZvR2SAyQFs",52,"Female","2",43,"deck2","deck3","NP-NP",82,3334.58999998402,4,"magnitude",8,73,730.280000017956,"Yes","Somewhat.","I liked the decks with the progress bar.","Yes. There were definite patterns in most of the decks.","Yes, the decks that alternated colors were the most difficult for me,",3,7,9,1,2,6,3,3,0,0,0,3,0,2,0,4,4,0,3,4,4,0,1,3,0,0,0,2,0,0,0,2,0,0,2,0,0,0,0,2,0,0,0,0,1,0,3,0,0,1,0,2033229
"965","wtnE5ZvR2SAyQFs",52,"Female","2",43,"deck2","deck3","NP-NP",82,3334.58999998402,5,"parity",6,69,777.095000026748,"Yes","Somewhat.","I liked the decks with the progress bar.","Yes. There were definite patterns in most of the decks.","Yes, the decks that alternated colors were the most difficult for me,",3,7,9,1,2,6,3,3,0,0,0,3,0,2,0,4,4,0,3,4,4,0,1,3,0,0,0,2,0,0,0,2,0,0,2,0,0,0,0,2,0,0,0,0,1,0,3,0,0,1,0,2034509
"966","wtnE5ZvR2SAyQFs",52,"Female","2",43,"deck2","deck3","NP-NP",82,3334.58999998402,6,"magnitude",6,73,761.704999953508,"Yes","Somewhat.","I liked the decks with the progress bar.","Yes. There were definite patterns in most of the decks.","Yes, the decks that alternated colors were the most difficult for me,",3,7,9,1,2,6,3,3,0,0,0,3,0,2,0,4,4,0,3,4,4,0,1,3,0,0,0,2,0,0,0,2,0,0,2,0,0,0,0,2,0,0,0,0,1,0,3,0,0,1,0,2035773
"967","wtnE5ZvR2SAyQFs",52,"Female","2",43,"deck2","deck3","NP-NP",82,3334.58999998402,7,"parity",8,69,777.660000021569,"Yes","Somewhat.","I liked the decks with the progress bar.","Yes. There were definite patterns in most of the decks.","Yes, the decks that alternated colors were the most difficult for me,",3,7,9,1,2,6,3,3,0,0,0,3,0,2,0,4,4,0,3,4,4,0,1,3,0,0,0,2,0,0,0,2,0,0,2,0,0,0,0,2,0,0,0,0,1,0,3,0,0,1,0,2037053
"968","wtnE5ZvR2SAyQFs",52,"Female","2",43,"deck2","deck3","NP-NP",82,3334.58999998402,8,"magnitude",6,73,842.304999940097,"Yes","Somewhat.","I liked the decks with the progress bar.","Yes. There were definite patterns in most of the decks.","Yes, the decks that alternated colors were the most difficult for me,",3,7,9,1,2,6,3,3,0,0,0,3,0,2,0,4,4,0,3,4,4,0,1,3,0,0,0,2,0,0,0,2,0,0,2,0,0,0,0,2,0,0,0,0,1,0,3,0,0,1,0,2038397
"969","wtnE5ZvR2SAyQFs",52,"Female","2",43,"deck2","deck3","NP-NP",82,3334.58999998402,9,"parity",2,69,722.375000012107,"Yes","Somewhat.","I liked the decks with the progress bar.","Yes. There were definite patterns in most of the decks.","Yes, the decks that alternated colors were the most difficult for me,",3,7,9,1,2,6,3,3,0,0,0,3,0,2,0,4,4,0,3,4,4,0,1,3,0,0,0,2,0,0,0,2,0,0,2,0,0,0,0,2,0,0,0,0,1,0,3,0,0,1,0,2039621
"970","wtnE5ZvR2SAyQFs",52,"Female","2",43,"deck2","deck3","NP-NP",82,3334.58999998402,10,"magnitude",2,69,714.970000088215,"Yes","Somewhat.","I liked the decks with the progress bar.","Yes. There were definite patterns in most of the decks.","Yes, the decks that alternated colors were the most difficult for me,",3,7,9,1,2,6,3,3,0,0,0,3,0,2,0,4,4,0,3,4,4,0,1,3,0,0,0,2,0,0,0,2,0,0,2,0,0,0,0,2,0,0,0,0,1,0,3,0,0,1,0,2040838
"971","wtnE5ZvR2SAyQFs",52,"Female","2",43,"deck2","deck3","NP-NP",82,3334.58999998402,11,"parity",9,73,831.599999917671,"Yes","Somewhat.","I liked the decks with the progress bar.","Yes. There were definite patterns in most of the decks.","Yes, the decks that alternated colors were the most difficult for me,",3,7,9,1,2,6,3,3,0,0,0,3,0,2,0,4,4,0,3,4,4,0,1,3,0,0,0,2,0,0,0,2,0,0,2,0,0,0,0,2,0,0,0,0,1,0,3,0,0,1,0,2042173
"972","wtnE5ZvR2SAyQFs",52,"Female","2",43,"deck2","deck3","NP-NP",82,3334.58999998402,12,"magnitude",1,69,970.564999966882,"Yes","Somewhat.","I liked the decks with the progress bar.","Yes. There were definite patterns in most of the decks.","Yes, the decks that alternated colors were the most difficult for me,",3,7,9,1,2,6,3,3,0,0,0,3,0,2,0,4,4,0,3,4,4,0,1,3,0,0,0,2,0,0,0,2,0,0,2,0,0,0,0,2,0,0,0,0,1,0,3,0,0,1,0,2043645
"973","wtnE5ZvR2SAyQFs",52,"Female","2",43,"deck2","deck3","NP-NP",82,3334.58999998402,13,"parity",8,69,817.339999950491,"Yes","Somewhat.","I liked the decks with the progress bar.","Yes. There were definite patterns in most of the decks.","Yes, the decks that alternated colors were the most difficult for me,",3,7,9,1,2,6,3,3,0,0,0,3,0,2,0,4,4,0,3,4,4,0,1,3,0,0,0,2,0,0,0,2,0,0,2,0,0,0,0,2,0,0,0,0,1,0,3,0,0,1,0,2044965
"974","wtnE5ZvR2SAyQFs",52,"Female","2",43,"deck2","deck3","NP-NP",82,3334.58999998402,14,"magnitude",7,73,930.499999900348,"Yes","Somewhat.","I liked the decks with the progress bar.","Yes. There were definite patterns in most of the decks.","Yes, the decks that alternated colors were the most difficult for me,",3,7,9,1,2,6,3,3,0,0,0,3,0,2,0,4,4,0,3,4,4,0,1,3,0,0,0,2,0,0,0,2,0,0,2,0,0,0,0,2,0,0,0,0,1,0,3,0,0,1,0,2046397
"975","wtnE5ZvR2SAyQFs",52,"Female","2",43,"deck2","deck3","NP-NP",82,3334.58999998402,15,"parity",6,69,745.415000012144,"Yes","Somewhat.","I liked the decks with the progress bar.","Yes. There were definite patterns in most of the decks.","Yes, the decks that alternated colors were the most difficult for me,",3,7,9,1,2,6,3,3,0,0,0,3,0,2,0,4,4,0,3,4,4,0,1,3,0,0,0,2,0,0,0,2,0,0,2,0,0,0,0,2,0,0,0,0,1,0,3,0,0,1,0,2047645
"976","wtnE5ZvR2SAyQFs",52,"Female","2",43,"deck2","deck3","NP-NP",82,3334.58999998402,16,"magnitude",9,73,714.294999954291,"Yes","Somewhat.","I liked the decks with the progress bar.","Yes. There were definite patterns in most of the decks.","Yes, the decks that alternated colors were the most difficult for me,",3,7,9,1,2,6,3,3,0,0,0,3,0,2,0,4,4,0,3,4,4,0,1,3,0,0,0,2,0,0,0,2,0,0,2,0,0,0,0,2,0,0,0,0,1,0,3,0,0,1,0,2048861
"977","wtnE5ZvR2SAyQFs",52,"Female","2",44,"deck3","deck4","P-NP",82,2433.77999996301,1,"magnitude",8,73,2210.41500009596,"Yes","Somewhat.","I liked the decks with the progress bar.","Yes. There were definite patterns in most of the decks.","Yes, the decks that alternated colors were the most difficult for me,",3,7,9,1,2,6,3,3,0,0,0,3,0,2,0,4,4,0,3,4,4,0,1,3,0,0,0,2,0,0,0,2,0,0,2,0,0,0,0,2,0,0,0,0,1,0,3,0,0,1,0,2055012
"978","wtnE5ZvR2SAyQFs",52,"Female","2",44,"deck3","deck4","P-NP",82,2433.77999996301,2,"magnitude",8,73,626.879999996163,"Yes","Somewhat.","I liked the decks with the progress bar.","Yes. There were definite patterns in most of the decks.","Yes, the decks that alternated colors were the most difficult for me,",3,7,9,1,2,6,3,3,0,0,0,3,0,2,0,4,4,0,3,4,4,0,1,3,0,0,0,2,0,0,0,2,0,0,2,0,0,0,0,2,0,0,0,0,1,0,3,0,0,1,0,2056141
"979","wtnE5ZvR2SAyQFs",52,"Female","2",44,"deck3","deck4","P-NP",82,2433.77999996301,3,"magnitude",3,69,586.364999995567,"Yes","Somewhat.","I liked the decks with the progress bar.","Yes. There were definite patterns in most of the decks.","Yes, the decks that alternated colors were the most difficult for me,",3,7,9,1,2,6,3,3,0,0,0,3,0,2,0,4,4,0,3,4,4,0,1,3,0,0,0,2,0,0,0,2,0,0,2,0,0,0,0,2,0,0,0,0,1,0,3,0,0,1,0,2057228
"980","wtnE5ZvR2SAyQFs",52,"Female","2",44,"deck3","deck4","P-NP",82,2433.77999996301,4,"magnitude",4,69,770.110000041313,"Yes","Somewhat.","I liked the decks with the progress bar.","Yes. There were definite patterns in most of the decks.","Yes, the decks that alternated colors were the most difficult for me,",3,7,9,1,2,6,3,3,0,0,0,3,0,2,0,4,4,0,3,4,4,0,1,3,0,0,0,2,0,0,0,2,0,0,2,0,0,0,0,2,0,0,0,0,1,0,3,0,0,1,0,2058500
"981","wtnE5ZvR2SAyQFs",52,"Female","2",44,"deck3","deck4","P-NP",82,2433.77999996301,5,"magnitude",8,73,618.644999922253,"Yes","Somewhat.","I liked the decks with the progress bar.","Yes. There were definite patterns in most of the decks.","Yes, the decks that alternated colors were the most difficult for me,",3,7,9,1,2,6,3,3,0,0,0,3,0,2,0,4,4,0,3,4,4,0,1,3,0,0,0,2,0,0,0,2,0,0,2,0,0,0,0,2,0,0,0,0,1,0,3,0,0,1,0,2059622
"982","wtnE5ZvR2SAyQFs",52,"Female","2",44,"deck3","deck4","P-NP",82,2433.77999996301,6,"magnitude",4,69,553.240000037476,"Yes","Somewhat.","I liked the decks with the progress bar.","Yes. There were definite patterns in most of the decks.","Yes, the decks that alternated colors were the most difficult for me,",3,7,9,1,2,6,3,3,0,0,0,3,0,2,0,4,4,0,3,4,4,0,1,3,0,0,0,2,0,0,0,2,0,0,2,0,0,0,0,2,0,0,0,0,1,0,3,0,0,1,0,2060677
"983","wtnE5ZvR2SAyQFs",52,"Female","2",44,"deck3","deck4","P-NP",82,2433.77999996301,7,"magnitude",2,69,649.990000063553,"Yes","Somewhat.","I liked the decks with the progress bar.","Yes. There were definite patterns in most of the decks.","Yes, the decks that alternated colors were the most difficult for me,",3,7,9,1,2,6,3,3,0,0,0,3,0,2,0,4,4,0,3,4,4,0,1,3,0,0,0,2,0,0,0,2,0,0,2,0,0,0,0,2,0,0,0,0,1,0,3,0,0,1,0,2061829
"984","wtnE5ZvR2SAyQFs",52,"Female","2",44,"deck3","deck4","P-NP",82,2433.77999996301,8,"magnitude",4,69,730.495000025257,"Yes","Somewhat.","I liked the decks with the progress bar.","Yes. There were definite patterns in most of the decks.","Yes, the decks that alternated colors were the most difficult for me,",3,7,9,1,2,6,3,3,0,0,0,3,0,2,0,4,4,0,3,4,4,0,1,3,0,0,0,2,0,0,0,2,0,0,2,0,0,0,0,2,0,0,0,0,1,0,3,0,0,1,0,2063060
"985","wtnE5ZvR2SAyQFs",52,"Female","2",44,"deck3","deck4","P-NP",82,2433.77999996301,9,"magnitude",1,69,626.44000002183,"Yes","Somewhat.","I liked the decks with the progress bar.","Yes. There were definite patterns in most of the decks.","Yes, the decks that alternated colors were the most difficult for me,",3,7,9,1,2,6,3,3,0,0,0,3,0,2,0,4,4,0,3,4,4,0,1,3,0,0,0,2,0,0,0,2,0,0,2,0,0,0,0,2,0,0,0,0,1,0,3,0,0,1,0,2064189
"986","wtnE5ZvR2SAyQFs",52,"Female","2",44,"deck3","deck4","P-NP",82,2433.77999996301,10,"magnitude",7,73,577.189999981783,"Yes","Somewhat.","I liked the decks with the progress bar.","Yes. There were definite patterns in most of the decks.","Yes, the decks that alternated colors were the most difficult for me,",3,7,9,1,2,6,3,3,0,0,0,3,0,2,0,4,4,0,3,4,4,0,1,3,0,0,0,2,0,0,0,2,0,0,2,0,0,0,0,2,0,0,0,0,1,0,3,0,0,1,0,2065268
"987","wtnE5ZvR2SAyQFs",52,"Female","2",44,"deck3","deck4","P-NP",82,2433.77999996301,11,"magnitude",3,69,626.434999983758,"Yes","Somewhat.","I liked the decks with the progress bar.","Yes. There were definite patterns in most of the decks.","Yes, the decks that alternated colors were the most difficult for me,",3,7,9,1,2,6,3,3,0,0,0,3,0,2,0,4,4,0,3,4,4,0,1,3,0,0,0,2,0,0,0,2,0,0,2,0,0,0,0,2,0,0,0,0,1,0,3,0,0,1,0,2066396
"988","wtnE5ZvR2SAyQFs",52,"Female","2",44,"deck3","deck4","P-NP",82,2433.77999996301,12,"parity",9,73,1098.08000002522,"Yes","Somewhat.","I liked the decks with the progress bar.","Yes. There were definite patterns in most of the decks.","Yes, the decks that alternated colors were the most difficult for me,",3,7,9,1,2,6,3,3,0,0,0,3,0,2,0,4,4,0,3,4,4,0,1,3,0,0,0,2,0,0,0,2,0,0,2,0,0,0,0,2,0,0,0,0,1,0,3,0,0,1,0,2067996
"989","wtnE5ZvR2SAyQFs",52,"Female","2",44,"deck3","deck4","P-NP",82,2433.77999996301,13,"parity",9,73,586.79500001017,"Yes","Somewhat.","I liked the decks with the progress bar.","Yes. There were definite patterns in most of the decks.","Yes, the decks that alternated colors were the most difficult for me,",3,7,9,1,2,6,3,3,0,0,0,3,0,2,0,4,4,0,3,4,4,0,1,3,0,0,0,2,0,0,0,2,0,0,2,0,0,0,0,2,0,0,0,0,1,0,3,0,0,1,0,2069084
"990","wtnE5ZvR2SAyQFs",52,"Female","2",44,"deck3","deck4","P-NP",82,2433.77999996301,14,"parity",3,73,682.425000006333,"Yes","Somewhat.","I liked the decks with the progress bar.","Yes. There were definite patterns in most of the decks.","Yes, the decks that alternated colors were the most difficult for me,",3,7,9,1,2,6,3,3,0,0,0,3,0,2,0,4,4,0,3,4,4,0,1,3,0,0,0,2,0,0,0,2,0,0,2,0,0,0,0,2,0,0,0,0,1,0,3,0,0,1,0,2070268
"991","wtnE5ZvR2SAyQFs",52,"Female","2",44,"deck3","deck4","P-NP",82,2433.77999996301,15,"parity",9,73,578.175000031479,"Yes","Somewhat.","I liked the decks with the progress bar.","Yes. There were definite patterns in most of the decks.","Yes, the decks that alternated colors were the most difficult for me,",3,7,9,1,2,6,3,3,0,0,0,3,0,2,0,4,4,0,3,4,4,0,1,3,0,0,0,2,0,0,0,2,0,0,2,0,0,0,0,2,0,0,0,0,1,0,3,0,0,1,0,2071349
"992","wtnE5ZvR2SAyQFs",52,"Female","2",44,"deck3","deck4","P-NP",82,2433.77999996301,16,"magnitude",1,69,602.064999984577,"Yes","Somewhat.","I liked the decks with the progress bar.","Yes. There were definite patterns in most of the decks.","Yes, the decks that alternated colors were the most difficult for me,",3,7,9,1,2,6,3,3,0,0,0,3,0,2,0,4,4,0,3,4,4,0,1,3,0,0,0,2,0,0,0,2,0,0,2,0,0,0,0,2,0,0,0,0,1,0,3,0,0,1,0,2072452
"993","wtnE5ZvR2SAyQFs",52,"Female","2",45,"deck5","deck1","P-NP",82,3609.67000003438,1,"parity",7,73,1546.69999994803,"Yes","Somewhat.","I liked the decks with the progress bar.","Yes. There were definite patterns in most of the decks.","Yes, the decks that alternated colors were the most difficult for me,",3,7,9,1,2,6,3,3,0,0,0,3,0,2,0,4,4,0,3,4,4,0,1,3,0,0,0,2,0,0,0,2,0,0,2,0,0,0,0,2,0,0,0,0,1,0,3,0,0,1,0,2079116
"994","wtnE5ZvR2SAyQFs",52,"Female","2",45,"deck5","deck1","P-NP",82,3609.67000003438,2,"parity",8,69,874.330000020564,"Yes","Somewhat.","I liked the decks with the progress bar.","Yes. There were definite patterns in most of the decks.","Yes, the decks that alternated colors were the most difficult for me,",3,7,9,1,2,6,3,3,0,0,0,3,0,2,0,4,4,0,3,4,4,0,1,3,0,0,0,2,0,0,0,2,0,0,2,0,0,0,0,2,0,0,0,0,1,0,3,0,0,1,0,2080492
"995","wtnE5ZvR2SAyQFs",52,"Female","2",45,"deck5","deck1","P-NP",82,3609.67000003438,3,"parity",2,69,609.810000052676,"Yes","Somewhat.","I liked the decks with the progress bar.","Yes. There were definite patterns in most of the decks.","Yes, the decks that alternated colors were the most difficult for me,",3,7,9,1,2,6,3,3,0,0,0,3,0,2,0,4,4,0,3,4,4,0,1,3,0,0,0,2,0,0,0,2,0,0,2,0,0,0,0,2,0,0,0,0,1,0,3,0,0,1,0,2081604
"996","wtnE5ZvR2SAyQFs",52,"Female","2",45,"deck5","deck1","P-NP",82,3609.67000003438,4,"parity",1,73,682.774999993853,"Yes","Somewhat.","I liked the decks with the progress bar.","Yes. There were definite patterns in most of the decks.","Yes, the decks that alternated colors were the most difficult for me,",3,7,9,1,2,6,3,3,0,0,0,3,0,2,0,4,4,0,3,4,4,0,1,3,0,0,0,2,0,0,0,2,0,0,2,0,0,0,0,2,0,0,0,0,1,0,3,0,0,1,0,2082788
"997","wtnE5ZvR2SAyQFs",52,"Female","2",45,"deck5","deck1","P-NP",82,3609.67000003438,5,"parity",6,69,746.505000046454,"Yes","Somewhat.","I liked the decks with the progress bar.","Yes. There were definite patterns in most of the decks.","Yes, the decks that alternated colors were the most difficult for me,",3,7,9,1,2,6,3,3,0,0,0,3,0,2,0,4,4,0,3,4,4,0,1,3,0,0,0,2,0,0,0,2,0,0,2,0,0,0,0,2,0,0,0,0,1,0,3,0,0,1,0,2084036
"998","wtnE5ZvR2SAyQFs",52,"Female","2",45,"deck5","deck1","P-NP",82,3609.67000003438,6,"parity",9,73,690.130000002682,"Yes","Somewhat.","I liked the decks with the progress bar.","Yes. There were definite patterns in most of the decks.","Yes, the decks that alternated colors were the most difficult for me,",3,7,9,1,2,6,3,3,0,0,0,3,0,2,0,4,4,0,3,4,4,0,1,3,0,0,0,2,0,0,0,2,0,0,2,0,0,0,0,2,0,0,0,0,1,0,3,0,0,1,0,2085228
"999","wtnE5ZvR2SAyQFs",52,"Female","2",45,"deck5","deck1","P-NP",82,3609.67000003438,7,"parity",8,69,563.555000000633,"Yes","Somewhat.","I liked the decks with the progress bar.","Yes. There were definite patterns in most of the decks.","Yes, the decks that alternated colors were the most difficult for me,",3,7,9,1,2,6,3,3,0,0,0,3,0,2,0,4,4,0,3,4,4,0,1,3,0,0,0,2,0,0,0,2,0,0,2,0,0,0,0,2,0,0,0,0,1,0,3,0,0,1,0,2086295
"1000","wtnE5ZvR2SAyQFs",52,"Female","2",45,"deck5","deck1","P-NP",82,3609.67000003438,8,"magnitude",3,69,678.074999945238,"Yes","Somewhat.","I liked the decks with the progress bar.","Yes. There were definite patterns in most of the decks.","Yes, the decks that alternated colors were the most difficult for me,",3,7,9,1,2,6,3,3,0,0,0,3,0,2,0,4,4,0,3,4,4,0,1,3,0,0,0,2,0,0,0,2,0,0,2,0,0,0,0,2,0,0,0,0,1,0,3,0,0,1,0,2087476
"1001","wtnE5ZvR2SAyQFs",52,"Female","2",45,"deck5","deck1","P-NP",82,3609.67000003438,9,"magnitude",3,69,577.960000024177,"Yes","Somewhat.","I liked the decks with the progress bar.","Yes. There were definite patterns in most of the decks.","Yes, the decks that alternated colors were the most difficult for me,",3,7,9,1,2,6,3,3,0,0,0,3,0,2,0,4,4,0,3,4,4,0,1,3,0,0,0,2,0,0,0,2,0,0,2,0,0,0,0,2,0,0,0,0,1,0,3,0,0,1,0,2088556
"1002","wtnE5ZvR2SAyQFs",52,"Female","2",45,"deck5","deck1","P-NP",82,3609.67000003438,10,"magnitude",9,73,738.645000034012,"Yes","Somewhat.","I liked the decks with the progress bar.","Yes. There were definite patterns in most of the decks.","Yes, the decks that alternated colors were the most difficult for me,",3,7,9,1,2,6,3,3,0,0,0,3,0,2,0,4,4,0,3,4,4,0,1,3,0,0,0,2,0,0,0,2,0,0,2,0,0,0,0,2,0,0,0,0,1,0,3,0,0,1,0,2089796
"1003","wtnE5ZvR2SAyQFs",52,"Female","2",45,"deck5","deck1","P-NP",82,3609.67000003438,11,"magnitude",1,69,626.429999945685,"Yes","Somewhat.","I liked the decks with the progress bar.","Yes. There were definite patterns in most of the decks.","Yes, the decks that alternated colors were the most difficult for me,",3,7,9,1,2,6,3,3,0,0,0,3,0,2,0,4,4,0,3,4,4,0,1,3,0,0,0,2,0,0,0,2,0,0,2,0,0,0,0,2,0,0,0,0,1,0,3,0,0,1,0,2090924
"1004","wtnE5ZvR2SAyQFs",52,"Female","2",45,"deck5","deck1","P-NP",82,3609.67000003438,12,"magnitude",8,73,706.21500001289,"Yes","Somewhat.","I liked the decks with the progress bar.","Yes. There were definite patterns in most of the decks.","Yes, the decks that alternated colors were the most difficult for me,",3,7,9,1,2,6,3,3,0,0,0,3,0,2,0,4,4,0,3,4,4,0,1,3,0,0,0,2,0,0,0,2,0,0,2,0,0,0,0,2,0,0,0,0,1,0,3,0,0,1,0,2092132
"1005","wtnE5ZvR2SAyQFs",52,"Female","2",45,"deck5","deck1","P-NP",82,3609.67000003438,13,"magnitude",8,73,617.959999945015,"Yes","Somewhat.","I liked the decks with the progress bar.","Yes. There were definite patterns in most of the decks.","Yes, the decks that alternated colors were the most difficult for me,",3,7,9,1,2,6,3,3,0,0,0,3,0,2,0,4,4,0,3,4,4,0,1,3,0,0,0,2,0,0,0,2,0,0,2,0,0,0,0,2,0,0,0,0,1,0,3,0,0,1,0,2093252
"1006","wtnE5ZvR2SAyQFs",52,"Female","2",45,"deck5","deck1","P-NP",82,3609.67000003438,14,"parity",2,69,714.554999954998,"Yes","Somewhat.","I liked the decks with the progress bar.","Yes. There were definite patterns in most of the decks.","Yes, the decks that alternated colors were the most difficult for me,",3,7,9,1,2,6,3,3,0,0,0,3,0,2,0,4,4,0,3,4,4,0,1,3,0,0,0,2,0,0,0,2,0,0,2,0,0,0,0,2,0,0,0,0,1,0,3,0,0,1,0,2094468
"1007","wtnE5ZvR2SAyQFs",52,"Female","2",45,"deck5","deck1","P-NP",82,3609.67000003438,15,"parity",1,73,666.805000044405,"Yes","Somewhat.","I liked the decks with the progress bar.","Yes. There were definite patterns in most of the decks.","Yes, the decks that alternated colors were the most difficult for me,",3,7,9,1,2,6,3,3,0,0,0,3,0,2,0,4,4,0,3,4,4,0,1,3,0,0,0,2,0,0,0,2,0,0,2,0,0,0,0,2,0,0,0,0,1,0,3,0,0,1,0,2095636
"1008","wtnE5ZvR2SAyQFs",52,"Female","2",45,"deck5","deck1","P-NP",82,3609.67000003438,16,"parity",6,69,817.909999983385,"Yes","Somewhat.","I liked the decks with the progress bar.","Yes. There were definite patterns in most of the decks.","Yes, the decks that alternated colors were the most difficult for me,",3,7,9,1,2,6,3,3,0,0,0,3,0,2,0,4,4,0,3,4,4,0,1,3,0,0,0,2,0,0,0,2,0,0,2,0,0,0,0,2,0,0,0,0,1,0,3,0,0,1,0,2096956
"1009","wtnE5ZvR2SAyQFs",52,"Female","2",46,"deck5","deck1","P-NP",82,3969.50999996625,1,"magnitude",8,73,931.01000005845,"Yes","Somewhat.","I liked the decks with the progress bar.","Yes. There were definite patterns in most of the decks.","Yes, the decks that alternated colors were the most difficult for me,",3,7,9,1,2,6,3,3,0,0,0,3,0,2,0,4,4,0,3,4,4,0,1,3,0,0,0,2,0,0,0,2,0,0,2,0,0,0,0,2,0,0,0,0,1,0,3,0,0,1,0,2103364
"1010","wtnE5ZvR2SAyQFs",52,"Female","2",46,"deck5","deck1","P-NP",82,3969.50999996625,2,"magnitude",6,73,723.834999953397,"Yes","Somewhat.","I liked the decks with the progress bar.","Yes. There were definite patterns in most of the decks.","Yes, the decks that alternated colors were the most difficult for me,",3,7,9,1,2,6,3,3,0,0,0,3,0,2,0,4,4,0,3,4,4,0,1,3,0,0,0,2,0,0,0,2,0,0,2,0,0,0,0,2,0,0,0,0,1,0,3,0,0,1,0,2104589
"1011","wtnE5ZvR2SAyQFs",52,"Female","2",46,"deck5","deck1","P-NP",82,3969.50999996625,3,"magnitude",1,69,471.295000053942,"Yes","Somewhat.","I liked the decks with the progress bar.","Yes. There were definite patterns in most of the decks.","Yes, the decks that alternated colors were the most difficult for me,",3,7,9,1,2,6,3,3,0,0,0,3,0,2,0,4,4,0,3,4,4,0,1,3,0,0,0,2,0,0,0,2,0,0,2,0,0,0,0,2,0,0,0,0,1,0,3,0,0,1,0,2105564
"1012","wtnE5ZvR2SAyQFs",52,"Female","2",46,"deck5","deck1","P-NP",82,3969.50999996625,4,"magnitude",6,73,610.149999964051,"Yes","Somewhat.","I liked the decks with the progress bar.","Yes. There were definite patterns in most of the decks.","Yes, the decks that alternated colors were the most difficult for me,",3,7,9,1,2,6,3,3,0,0,0,3,0,2,0,4,4,0,3,4,4,0,1,3,0,0,0,2,0,0,0,2,0,0,2,0,0,0,0,2,0,0,0,0,1,0,3,0,0,1,0,2106676
"1013","wtnE5ZvR2SAyQFs",52,"Female","2",46,"deck5","deck1","P-NP",82,3969.50999996625,5,"magnitude",3,69,594.730000011623,"Yes","Somewhat.","I liked the decks with the progress bar.","Yes. There were definite patterns in most of the decks.","Yes, the decks that alternated colors were the most difficult for me,",3,7,9,1,2,6,3,3,0,0,0,3,0,2,0,4,4,0,3,4,4,0,1,3,0,0,0,2,0,0,0,2,0,0,2,0,0,0,0,2,0,0,0,0,1,0,3,0,0,1,0,2107772
"1014","wtnE5ZvR2SAyQFs",52,"Female","2",46,"deck5","deck1","P-NP",82,3969.50999996625,6,"magnitude",6,73,714.535000035539,"Yes","Somewhat.","I liked the decks with the progress bar.","Yes. There were definite patterns in most of the decks.","Yes, the decks that alternated colors were the most difficult for me,",3,7,9,1,2,6,3,3,0,0,0,3,0,2,0,4,4,0,3,4,4,0,1,3,0,0,0,2,0,0,0,2,0,0,2,0,0,0,0,2,0,0,0,0,1,0,3,0,0,1,0,2108988
"1015","wtnE5ZvR2SAyQFs",52,"Female","2",46,"deck5","deck1","P-NP",82,3969.50999996625,7,"magnitude",8,73,538.050000090152,"Yes","Somewhat.","I liked the decks with the progress bar.","Yes. There were definite patterns in most of the decks.","Yes, the decks that alternated colors were the most difficult for me,",3,7,9,1,2,6,3,3,0,0,0,3,0,2,0,4,4,0,3,4,4,0,1,3,0,0,0,2,0,0,0,2,0,0,2,0,0,0,0,2,0,0,0,0,1,0,3,0,0,1,0,2110028
"1016","wtnE5ZvR2SAyQFs",52,"Female","2",46,"deck5","deck1","P-NP",82,3969.50999996625,8,"magnitude",6,73,569.744999986142,"Yes","Somewhat.","I liked the decks with the progress bar.","Yes. There were definite patterns in most of the decks.","Yes, the decks that alternated colors were the most difficult for me,",3,7,9,1,2,6,3,3,0,0,0,3,0,2,0,4,4,0,3,4,4,0,1,3,0,0,0,2,0,0,0,2,0,0,2,0,0,0,0,2,0,0,0,0,1,0,3,0,0,1,0,2111100
"1017","wtnE5ZvR2SAyQFs",52,"Female","2",46,"deck5","deck1","P-NP",82,3969.50999996625,9,"magnitude",1,69,666.5600000415,"Yes","Somewhat.","I liked the decks with the progress bar.","Yes. There were definite patterns in most of the decks.","Yes, the decks that alternated colors were the most difficult for me,",3,7,9,1,2,6,3,3,0,0,0,3,0,2,0,4,4,0,3,4,4,0,1,3,0,0,0,2,0,0,0,2,0,0,2,0,0,0,0,2,0,0,0,0,1,0,3,0,0,1,0,2112268
"1018","wtnE5ZvR2SAyQFs",52,"Female","2",46,"deck5","deck1","P-NP",82,3969.50999996625,10,"magnitude",2,69,707.339999964461,"Yes","Somewhat.","I liked the decks with the progress bar.","Yes. There were definite patterns in most of the decks.","Yes, the decks that alternated colors were the most difficult for me,",3,7,9,1,2,6,3,3,0,0,0,3,0,2,0,4,4,0,3,4,4,0,1,3,0,0,0,2,0,0,0,2,0,0,2,0,0,0,0,2,0,0,0,0,1,0,3,0,0,1,0,2113477
"1019","wtnE5ZvR2SAyQFs",52,"Female","2",46,"deck5","deck1","P-NP",82,3969.50999996625,11,"parity",3,73,592.919999966398,"Yes","Somewhat.","I liked the decks with the progress bar.","Yes. There were definite patterns in most of the decks.","Yes, the decks that alternated colors were the most difficult for me,",3,7,9,1,2,6,3,3,0,0,0,3,0,2,0,4,4,0,3,4,4,0,1,3,0,0,0,2,0,0,0,2,0,0,2,0,0,0,0,2,0,0,0,0,1,0,3,0,0,1,0,2114572
"1020","wtnE5ZvR2SAyQFs",52,"Female","2",46,"deck5","deck1","P-NP",82,3969.50999996625,12,"parity",6,69,569.644999923185,"Yes","Somewhat.","I liked the decks with the progress bar.","Yes. There were definite patterns in most of the decks.","Yes, the decks that alternated colors were the most difficult for me,",3,7,9,1,2,6,3,3,0,0,0,3,0,2,0,4,4,0,3,4,4,0,1,3,0,0,0,2,0,0,0,2,0,0,2,0,0,0,0,2,0,0,0,0,1,0,3,0,0,1,0,2115644
"1021","wtnE5ZvR2SAyQFs",52,"Female","2",46,"deck5","deck1","P-NP",82,3969.50999996625,13,"parity",9,73,554.17999997735,"Yes","Somewhat.","I liked the decks with the progress bar.","Yes. There were definite patterns in most of the decks.","Yes, the decks that alternated colors were the most difficult for me,",3,7,9,1,2,6,3,3,0,0,0,3,0,2,0,4,4,0,3,4,4,0,1,3,0,0,0,2,0,0,0,2,0,0,2,0,0,0,0,2,0,0,0,0,1,0,3,0,0,1,0,2116700
"1022","wtnE5ZvR2SAyQFs",52,"Female","2",46,"deck5","deck1","P-NP",82,3969.50999996625,14,"magnitude",9,73,642.894999939017,"Yes","Somewhat.","I liked the decks with the progress bar.","Yes. There were definite patterns in most of the decks.","Yes, the decks that alternated colors were the most difficult for me,",3,7,9,1,2,6,3,3,0,0,0,3,0,2,0,4,4,0,3,4,4,0,1,3,0,0,0,2,0,0,0,2,0,0,2,0,0,0,0,2,0,0,0,0,1,0,3,0,0,1,0,2117844
"1023","wtnE5ZvR2SAyQFs",52,"Female","2",46,"deck5","deck1","P-NP",82,3969.50999996625,15,"magnitude",7,73,706.659999908879,"Yes","Somewhat.","I liked the decks with the progress bar.","Yes. There were definite patterns in most of the decks.","Yes, the decks that alternated colors were the most difficult for me,",3,7,9,1,2,6,3,3,0,0,0,3,0,2,0,4,4,0,3,4,4,0,1,3,0,0,0,2,0,0,0,2,0,0,2,0,0,0,0,2,0,0,0,0,1,0,3,0,0,1,0,2119052
"1024","wtnE5ZvR2SAyQFs",52,"Female","2",46,"deck5","deck1","P-NP",82,3969.50999996625,16,"magnitude",6,73,618.269999977201,"Yes","Somewhat.","I liked the decks with the progress bar.","Yes. There were definite patterns in most of the decks.","Yes, the decks that alternated colors were the most difficult for me,",3,7,9,1,2,6,3,3,0,0,0,3,0,2,0,4,4,0,3,4,4,0,1,3,0,0,0,2,0,0,0,2,0,0,2,0,0,0,0,2,0,0,0,0,1,0,3,0,0,1,0,2120172
"1025","wtnE5ZvR2SAyQFs",52,"Female","2",47,"deck2","deck1","NP-NP",82,2489.63999992702,1,"magnitude",6,73,1898.93000002485,"Yes","Somewhat.","I liked the decks with the progress bar.","Yes. There were definite patterns in most of the decks.","Yes, the decks that alternated colors were the most difficult for me,",3,7,9,1,2,6,3,3,0,0,0,3,0,2,0,4,4,0,3,4,4,0,1,3,0,0,0,2,0,0,0,2,0,0,2,0,0,0,0,2,0,0,0,0,1,0,3,0,0,1,0,2126068
"1026","wtnE5ZvR2SAyQFs",52,"Female","2",47,"deck2","deck1","NP-NP",82,2489.63999992702,2,"magnitude",2,69,538.185000070371,"Yes","Somewhat.","I liked the decks with the progress bar.","Yes. There were definite patterns in most of the decks.","Yes, the decks that alternated colors were the most difficult for me,",3,7,9,1,2,6,3,3,0,0,0,3,0,2,0,4,4,0,3,4,4,0,1,3,0,0,0,2,0,0,0,2,0,0,2,0,0,0,0,2,0,0,0,0,1,0,3,0,0,1,0,2127108
"1027","wtnE5ZvR2SAyQFs",52,"Female","2",47,"deck2","deck1","NP-NP",82,2489.63999992702,3,"magnitude",3,69,649.865000043064,"Yes","Somewhat.","I liked the decks with the progress bar.","Yes. There were definite patterns in most of the decks.","Yes, the decks that alternated colors were the most difficult for me,",3,7,9,1,2,6,3,3,0,0,0,3,0,2,0,4,4,0,3,4,4,0,1,3,0,0,0,2,0,0,0,2,0,0,2,0,0,0,0,2,0,0,0,0,1,0,3,0,0,1,0,2128260
"1028","wtnE5ZvR2SAyQFs",52,"Female","2",47,"deck2","deck1","NP-NP",82,2489.63999992702,4,"magnitude",9,73,690.025000018068,"Yes","Somewhat.","I liked the decks with the progress bar.","Yes. There were definite patterns in most of the decks.","Yes, the decks that alternated colors were the most difficult for me,",3,7,9,1,2,6,3,3,0,0,0,3,0,2,0,4,4,0,3,4,4,0,1,3,0,0,0,2,0,0,0,2,0,0,2,0,0,0,0,2,0,0,0,0,1,0,3,0,0,1,0,2129451
"1029","wtnE5ZvR2SAyQFs",52,"Female","2",47,"deck2","deck1","NP-NP",82,2489.63999992702,5,"magnitude",6,73,762.325000017881,"Yes","Somewhat.","I liked the decks with the progress bar.","Yes. There were definite patterns in most of the decks.","Yes, the decks that alternated colors were the most difficult for me,",3,7,9,1,2,6,3,3,0,0,0,3,0,2,0,4,4,0,3,4,4,0,1,3,0,0,0,2,0,0,0,2,0,0,2,0,0,0,0,2,0,0,0,0,1,0,3,0,0,1,0,2130716
"1030","wtnE5ZvR2SAyQFs",52,"Female","2",47,"deck2","deck1","NP-NP",82,2489.63999992702,6,"magnitude",4,69,562.254999997094,"Yes","Somewhat.","I liked the decks with the progress bar.","Yes. There were definite patterns in most of the decks.","Yes, the decks that alternated colors were the most difficult for me,",3,7,9,1,2,6,3,3,0,0,0,3,0,2,0,4,4,0,3,4,4,0,1,3,0,0,0,2,0,0,0,2,0,0,2,0,0,0,0,2,0,0,0,0,1,0,3,0,0,1,0,2131781
"1031","wtnE5ZvR2SAyQFs",52,"Female","2",47,"deck2","deck1","NP-NP",82,2489.63999992702,7,"magnitude",4,69,529.289999976754,"Yes","Somewhat.","I liked the decks with the progress bar.","Yes. There were definite patterns in most of the decks.","Yes, the decks that alternated colors were the most difficult for me,",3,7,9,1,2,6,3,3,0,0,0,3,0,2,0,4,4,0,3,4,4,0,1,3,0,0,0,2,0,0,0,2,0,0,2,0,0,0,0,2,0,0,0,0,1,0,3,0,0,1,0,2132811
"1032","wtnE5ZvR2SAyQFs",52,"Female","2",47,"deck2","deck1","NP-NP",82,2489.63999992702,8,"magnitude",9,73,506.249999976717,"Yes","Somewhat.","I liked the decks with the progress bar.","Yes. There were definite patterns in most of the decks.","Yes, the decks that alternated colors were the most difficult for me,",3,7,9,1,2,6,3,3,0,0,0,3,0,2,0,4,4,0,3,4,4,0,1,3,0,0,0,2,0,0,0,2,0,0,2,0,0,0,0,2,0,0,0,0,1,0,3,0,0,1,0,2133819
"1033","wtnE5ZvR2SAyQFs",52,"Female","2",47,"deck2","deck1","NP-NP",82,2489.63999992702,9,"magnitude",3,69,626.305000041611,"Yes","Somewhat.","I liked the decks with the progress bar.","Yes. There were definite patterns in most of the decks.","Yes, the decks that alternated colors were the most difficult for me,",3,7,9,1,2,6,3,3,0,0,0,3,0,2,0,4,4,0,3,4,4,0,1,3,0,0,0,2,0,0,0,2,0,0,2,0,0,0,0,2,0,0,0,0,1,0,3,0,0,1,0,2134948
"1034","wtnE5ZvR2SAyQFs",52,"Female","2",47,"deck2","deck1","NP-NP",82,2489.63999992702,10,"magnitude",2,69,625.875000027008,"Yes","Somewhat.","I liked the decks with the progress bar.","Yes. There were definite patterns in most of the decks.","Yes, the decks that alternated colors were the most difficult for me,",3,7,9,1,2,6,3,3,0,0,0,3,0,2,0,4,4,0,3,4,4,0,1,3,0,0,0,2,0,0,0,2,0,0,2,0,0,0,0,2,0,0,0,0,1,0,3,0,0,1,0,2136076
"1035","wtnE5ZvR2SAyQFs",52,"Female","2",47,"deck2","deck1","NP-NP",82,2489.63999992702,11,"parity",4,69,826.694999937899,"Yes","Somewhat.","I liked the decks with the progress bar.","Yes. There were definite patterns in most of the decks.","Yes, the decks that alternated colors were the most difficult for me,",3,7,9,1,2,6,3,3,0,0,0,3,0,2,0,4,4,0,3,4,4,0,1,3,0,0,0,2,0,0,0,2,0,0,2,0,0,0,0,2,0,0,0,0,1,0,3,0,0,1,0,2137403
"1036","wtnE5ZvR2SAyQFs",52,"Female","2",47,"deck2","deck1","NP-NP",82,2489.63999992702,12,"parity",9,73,514.404999907129,"Yes","Somewhat.","I liked the decks with the progress bar.","Yes. There were definite patterns in most of the decks.","Yes, the decks that alternated colors were the most difficult for me,",3,7,9,1,2,6,3,3,0,0,0,3,0,2,0,4,4,0,3,4,4,0,1,3,0,0,0,2,0,0,0,2,0,0,2,0,0,0,0,2,0,0,0,0,1,0,3,0,0,1,0,2138419
"1037","wtnE5ZvR2SAyQFs",52,"Female","2",47,"deck2","deck1","NP-NP",82,2489.63999992702,13,"magnitude",7,73,633.984999964014,"Yes","Somewhat.","I liked the decks with the progress bar.","Yes. There were definite patterns in most of the decks.","Yes, the decks that alternated colors were the most difficult for me,",3,7,9,1,2,6,3,3,0,0,0,3,0,2,0,4,4,0,3,4,4,0,1,3,0,0,0,2,0,0,0,2,0,0,2,0,0,0,0,2,0,0,0,0,1,0,3,0,0,1,0,2139555
"1038","wtnE5ZvR2SAyQFs",52,"Female","2",47,"deck2","deck1","NP-NP",82,2489.63999992702,14,"magnitude",3,69,729.735000059009,"Yes","Somewhat.","I liked the decks with the progress bar.","Yes. There were definite patterns in most of the decks.","Yes, the decks that alternated colors were the most difficult for me,",3,7,9,1,2,6,3,3,0,0,0,3,0,2,0,4,4,0,3,4,4,0,1,3,0,0,0,2,0,0,0,2,0,0,2,0,0,0,0,2,0,0,0,0,1,0,3,0,0,1,0,2140789
"1039","wtnE5ZvR2SAyQFs",52,"Female","2",47,"deck2","deck1","NP-NP",82,2489.63999992702,15,"magnitude",6,73,1239.55499997828,"Yes","Somewhat.","I liked the decks with the progress bar.","Yes. There were definite patterns in most of the decks.","Yes, the decks that alternated colors were the most difficult for me,",3,7,9,1,2,6,3,3,0,0,0,3,0,2,0,4,4,0,3,4,4,0,1,3,0,0,0,2,0,0,0,2,0,0,2,0,0,0,0,2,0,0,0,0,1,0,3,0,0,1,0,2142531
"1040","wtnE5ZvR2SAyQFs",52,"Female","2",47,"deck2","deck1","NP-NP",82,2489.63999992702,16,"magnitude",9,73,642.029999988154,"Yes","Somewhat.","I liked the decks with the progress bar.","Yes. There were definite patterns in most of the decks.","Yes, the decks that alternated colors were the most difficult for me,",3,7,9,1,2,6,3,3,0,0,0,3,0,2,0,4,4,0,3,4,4,0,1,3,0,0,0,2,0,0,0,2,0,0,2,0,0,0,0,2,0,0,0,0,1,0,3,0,0,1,0,2143675
"1041","wtnE5ZvR2SAyQFs",52,"Female","2",48,"deck3","deck6","P-NP",82,2497.97499994747,1,"parity",2,69,1067.3999999417,"Yes","Somewhat.","I liked the decks with the progress bar.","Yes. There were definite patterns in most of the decks.","Yes, the decks that alternated colors were the most difficult for me,",3,7,9,1,2,6,3,3,0,0,0,3,0,2,0,4,4,0,3,4,4,0,1,3,0,0,0,2,0,0,0,2,0,0,2,0,0,0,0,2,0,0,0,0,1,0,3,0,0,1,0,2148747
"1042","wtnE5ZvR2SAyQFs",52,"Female","2",48,"deck3","deck6","P-NP",82,2497.97499994747,2,"magnitude",6,73,586.239999975078,"Yes","Somewhat.","I liked the decks with the progress bar.","Yes. There were definite patterns in most of the decks.","Yes, the decks that alternated colors were the most difficult for me,",3,7,9,1,2,6,3,3,0,0,0,3,0,2,0,4,4,0,3,4,4,0,1,3,0,0,0,2,0,0,0,2,0,0,2,0,0,0,0,2,0,0,0,0,1,0,3,0,0,1,0,2149837
"1043","wtnE5ZvR2SAyQFs",52,"Female","2",48,"deck3","deck6","P-NP",82,2497.97499994747,3,"parity",9,73,543.969999998808,"Yes","Somewhat.","I liked the decks with the progress bar.","Yes. There were definite patterns in most of the decks.","Yes, the decks that alternated colors were the most difficult for me,",3,7,9,1,2,6,3,3,0,0,0,3,0,2,0,4,4,0,3,4,4,0,1,3,0,0,0,2,0,0,0,2,0,0,2,0,0,0,0,2,0,0,0,0,1,0,3,0,0,1,0,2150883
"1044","wtnE5ZvR2SAyQFs",52,"Female","2",48,"deck3","deck6","P-NP",82,2497.97499994747,4,"magnitude",7,73,537.454999983311,"Yes","Somewhat.","I liked the decks with the progress bar.","Yes. There were definite patterns in most of the decks.","Yes, the decks that alternated colors were the most difficult for me,",3,7,9,1,2,6,3,3,0,0,0,3,0,2,0,4,4,0,3,4,4,0,1,3,0,0,0,2,0,0,0,2,0,0,2,0,0,0,0,2,0,0,0,0,1,0,3,0,0,1,0,2151923
"1045","wtnE5ZvR2SAyQFs",52,"Female","2",48,"deck3","deck6","P-NP",82,2497.97499994747,5,"parity",1,69,578.67499999702,"Yes","Somewhat.","I liked the decks with the progress bar.","Yes. There were definite patterns in most of the decks.","Yes, the decks that alternated colors were the most difficult for me,",3,7,9,1,2,6,3,3,0,0,0,3,0,2,0,4,4,0,3,4,4,0,1,3,0,0,0,2,0,0,0,2,0,0,2,0,0,0,0,2,0,0,0,0,1,0,3,0,0,1,0,2153003
"1046","wtnE5ZvR2SAyQFs",52,"Female","2",48,"deck3","deck6","P-NP",82,2497.97499994747,6,"magnitude",7,73,1626.7349999398,"Yes","Somewhat.","I liked the decks with the progress bar.","Yes. There were definite patterns in most of the decks.","Yes, the decks that alternated colors were the most difficult for me,",3,7,9,1,2,6,3,3,0,0,0,3,0,2,0,4,4,0,3,4,4,0,1,3,0,0,0,2,0,0,0,2,0,0,2,0,0,0,0,2,0,0,0,0,1,0,3,0,0,1,0,2155131
"1047","wtnE5ZvR2SAyQFs",52,"Female","2",48,"deck3","deck6","P-NP",82,2497.97499994747,7,"parity",6,69,722.219999996014,"Yes","Somewhat.","I liked the decks with the progress bar.","Yes. There were definite patterns in most of the decks.","Yes, the decks that alternated colors were the most difficult for me,",3,7,9,1,2,6,3,3,0,0,0,3,0,2,0,4,4,0,3,4,4,0,1,3,0,0,0,2,0,0,0,2,0,0,2,0,0,0,0,2,0,0,0,0,1,0,3,0,0,1,0,2156355
"1048","wtnE5ZvR2SAyQFs",52,"Female","2",48,"deck3","deck6","P-NP",82,2497.97499994747,8,"magnitude",9,73,713.974999962375,"Yes","Somewhat.","I liked the decks with the progress bar.","Yes. There were definite patterns in most of the decks.","Yes, the decks that alternated colors were the most difficult for me,",3,7,9,1,2,6,3,3,0,0,0,3,0,2,0,4,4,0,3,4,4,0,1,3,0,0,0,2,0,0,0,2,0,0,2,0,0,0,0,2,0,0,0,0,1,0,3,0,0,1,0,2157571
"1049","wtnE5ZvR2SAyQFs",52,"Female","2",48,"deck3","deck6","P-NP",82,2497.97499994747,9,"magnitude",8,73,723.434999934398,"Yes","Somewhat.","I liked the decks with the progress bar.","Yes. There were definite patterns in most of the decks.","Yes, the decks that alternated colors were the most difficult for me,",3,7,9,1,2,6,3,3,0,0,0,3,0,2,0,4,4,0,3,4,4,0,1,3,0,0,0,2,0,0,0,2,0,0,2,0,0,0,0,2,0,0,0,0,1,0,3,0,0,1,0,2158797
"1050","wtnE5ZvR2SAyQFs",52,"Female","2",48,"deck3","deck6","P-NP",82,2497.97499994747,10,"parity",7,73,744.255000026897,"Yes","Somewhat.","I liked the decks with the progress bar.","Yes. There were definite patterns in most of the decks.","Yes, the decks that alternated colors were the most difficult for me,",3,7,9,1,2,6,3,3,0,0,0,3,0,2,0,4,4,0,3,4,4,0,1,3,0,0,0,2,0,0,0,2,0,0,2,0,0,0,0,2,0,0,0,0,1,0,3,0,0,1,0,2160043
"1051","wtnE5ZvR2SAyQFs",52,"Female","2",48,"deck3","deck6","P-NP",82,2497.97499994747,11,"magnitude",4,69,721.964999916963,"Yes","Somewhat.","I liked the decks with the progress bar.","Yes. There were definite patterns in most of the decks.","Yes, the decks that alternated colors were the most difficult for me,",3,7,9,1,2,6,3,3,0,0,0,3,0,2,0,4,4,0,3,4,4,0,1,3,0,0,0,2,0,0,0,2,0,0,2,0,0,0,0,2,0,0,0,0,1,0,3,0,0,1,0,2161267
"1052","wtnE5ZvR2SAyQFs",52,"Female","2",48,"deck3","deck6","P-NP",82,2497.97499994747,12,"parity",6,69,538.999999989755,"Yes","Somewhat.","I liked the decks with the progress bar.","Yes. There were definite patterns in most of the decks.","Yes, the decks that alternated colors were the most difficult for me,",3,7,9,1,2,6,3,3,0,0,0,3,0,2,0,4,4,0,3,4,4,0,1,3,0,0,0,2,0,0,0,2,0,0,2,0,0,0,0,2,0,0,0,0,1,0,3,0,0,1,0,2162307
"1053","wtnE5ZvR2SAyQFs",52,"Female","2",48,"deck3","deck6","P-NP",82,2497.97499994747,13,"magnitude",9,73,570.275000063702,"Yes","Somewhat.","I liked the decks with the progress bar.","Yes. There were definite patterns in most of the decks.","Yes, the decks that alternated colors were the most difficult for me,",3,7,9,1,2,6,3,3,0,0,0,3,0,2,0,4,4,0,3,4,4,0,1,3,0,0,0,2,0,0,0,2,0,0,2,0,0,0,0,2,0,0,0,0,1,0,3,0,0,1,0,2163379
"1054","wtnE5ZvR2SAyQFs",52,"Female","2",48,"deck3","deck6","P-NP",82,2497.97499994747,14,"parity",9,69,978.135000099428,"Yes","Somewhat.","I liked the decks with the progress bar.","Yes. There were definite patterns in most of the decks.","Yes, the decks that alternated colors were the most difficult for me,",3,7,9,1,2,6,3,3,0,0,0,3,0,2,0,4,4,0,3,4,4,0,1,3,0,0,0,2,0,0,0,2,0,0,2,0,0,0,0,2,0,0,0,0,1,0,3,0,0,1,0,2164859
"1055","wtnE5ZvR2SAyQFs",52,"Female","2",48,"deck3","deck6","P-NP",82,2497.97499994747,15,"magnitude",7,69,1041.88000003342,"Yes","Somewhat.","I liked the decks with the progress bar.","Yes. There were definite patterns in most of the decks.","Yes, the decks that alternated colors were the most difficult for me,",3,7,9,1,2,6,3,3,0,0,0,3,0,2,0,4,4,0,3,4,4,0,1,3,0,0,0,2,0,0,0,2,0,0,2,0,0,0,0,2,0,0,0,0,1,0,3,0,0,1,0,2166403
"1056","wtnE5ZvR2SAyQFs",52,"Female","2",48,"deck3","deck6","P-NP",82,2497.97499994747,16,"parity",2,69,1322.72000005469,"Yes","Somewhat.","I liked the decks with the progress bar.","Yes. There were definite patterns in most of the decks.","Yes, the decks that alternated colors were the most difficult for me,",3,7,9,1,2,6,3,3,0,0,0,3,0,2,0,4,4,0,3,4,4,0,1,3,0,0,0,2,0,0,0,2,0,0,2,0,0,0,0,2,0,0,0,0,1,0,3,0,0,1,0,2168227
"1057","wtnE5ZvR2SAyQFs",52,"Female","2",49,"deck4","deck1","P-NP",76,2625.94000005629,1,"magnitude",3,69,977.034999988973,"Yes","Somewhat.","I liked the decks with the progress bar.","Yes. There were definite patterns in most of the decks.","Yes, the decks that alternated colors were the most difficult for me,",3,7,9,1,2,6,3,3,0,0,0,3,0,2,0,4,4,0,3,4,4,0,1,3,0,0,0,2,0,0,0,2,0,0,2,0,0,0,0,2,0,0,0,0,1,0,3,0,0,1,0,2173339
"1058","wtnE5ZvR2SAyQFs",52,"Female","2",49,"deck4","deck1","P-NP",76,2625.94000005629,2,"magnitude",7,73,514.430000097491,"Yes","Somewhat.","I liked the decks with the progress bar.","Yes. There were definite patterns in most of the decks.","Yes, the decks that alternated colors were the most difficult for me,",3,7,9,1,2,6,3,3,0,0,0,3,0,2,0,4,4,0,3,4,4,0,1,3,0,0,0,2,0,0,0,2,0,0,2,0,0,0,0,2,0,0,0,0,1,0,3,0,0,1,0,2174355
"1059","wtnE5ZvR2SAyQFs",52,"Female","2",49,"deck4","deck1","P-NP",76,2625.94000005629,3,"magnitude",3,69,482.30999999214,"Yes","Somewhat.","I liked the decks with the progress bar.","Yes. There were definite patterns in most of the decks.","Yes, the decks that alternated colors were the most difficult for me,",3,7,9,1,2,6,3,3,0,0,0,3,0,2,0,4,4,0,3,4,4,0,1,3,0,0,0,2,0,0,0,2,0,0,2,0,0,0,0,2,0,0,0,0,1,0,3,0,0,1,0,2175339
"1060","wtnE5ZvR2SAyQFs",52,"Female","2",49,"deck4","deck1","P-NP",76,2625.94000005629,4,"magnitude",1,69,666.764999972656,"Yes","Somewhat.","I liked the decks with the progress bar.","Yes. There were definite patterns in most of the decks.","Yes, the decks that alternated colors were the most difficult for me,",3,7,9,1,2,6,3,3,0,0,0,3,0,2,0,4,4,0,3,4,4,0,1,3,0,0,0,2,0,0,0,2,0,0,2,0,0,0,0,2,0,0,0,0,1,0,3,0,0,1,0,2176508
"1061","wtnE5ZvR2SAyQFs",52,"Female","2",49,"deck4","deck1","P-NP",76,2625.94000005629,5,"magnitude",2,69,719.735000049695,"Yes","Somewhat.","I liked the decks with the progress bar.","Yes. There were definite patterns in most of the decks.","Yes, the decks that alternated colors were the most difficult for me,",3,7,9,1,2,6,3,3,0,0,0,3,0,2,0,4,4,0,3,4,4,0,1,3,0,0,0,2,0,0,0,2,0,0,2,0,0,0,0,2,0,0,0,0,1,0,3,0,0,1,0,2177731
"1062","wtnE5ZvR2SAyQFs",52,"Female","2",49,"deck4","deck1","P-NP",76,2625.94000005629,6,"magnitude",4,69,1034.09000008833,"Yes","Somewhat.","I liked the decks with the progress bar.","Yes. There were definite patterns in most of the decks.","Yes, the decks that alternated colors were the most difficult for me,",3,7,9,1,2,6,3,3,0,0,0,3,0,2,0,4,4,0,3,4,4,0,1,3,0,0,0,2,0,0,0,2,0,0,2,0,0,0,0,2,0,0,0,0,1,0,3,0,0,1,0,2179267
"1063","wtnE5ZvR2SAyQFs",52,"Female","2",49,"deck4","deck1","P-NP",76,2625.94000005629,7,"parity",2,69,786.425000056624,"Yes","Somewhat.","I liked the decks with the progress bar.","Yes. There were definite patterns in most of the decks.","Yes, the decks that alternated colors were the most difficult for me,",3,7,9,1,2,6,3,3,0,0,0,3,0,2,0,4,4,0,3,4,4,0,1,3,0,0,0,2,0,0,0,2,0,0,2,0,0,0,0,2,0,0,0,0,1,0,3,0,0,1,0,2180555
"1064","wtnE5ZvR2SAyQFs",52,"Female","2",49,"deck4","deck1","P-NP",76,2625.94000005629,8,"parity",6,69,586.049999925308,"Yes","Somewhat.","I liked the decks with the progress bar.","Yes. There were definite patterns in most of the decks.","Yes, the decks that alternated colors were the most difficult for me,",3,7,9,1,2,6,3,3,0,0,0,3,0,2,0,4,4,0,3,4,4,0,1,3,0,0,0,2,0,0,0,2,0,0,2,0,0,0,0,2,0,0,0,0,1,0,3,0,0,1,0,2181643
"1065","wtnE5ZvR2SAyQFs",52,"Female","2",49,"deck4","deck1","P-NP",76,2625.94000005629,9,"parity",9,73,722.684999927878,"Yes","Somewhat.","I liked the decks with the progress bar.","Yes. There were definite patterns in most of the decks.","Yes, the decks that alternated colors were the most difficult for me,",3,7,9,1,2,6,3,3,0,0,0,3,0,2,0,4,4,0,3,4,4,0,1,3,0,0,0,2,0,0,0,2,0,0,2,0,0,0,0,2,0,0,0,0,1,0,3,0,0,1,0,2182867
"1066","wtnE5ZvR2SAyQFs",52,"Female","2",49,"deck4","deck1","P-NP",76,2625.94000005629,10,"parity",4,69,922.585000051185,"Yes","Somewhat.","I liked the decks with the progress bar.","Yes. There were definite patterns in most of the decks.","Yes, the decks that alternated colors were the most difficult for me,",3,7,9,1,2,6,3,3,0,0,0,3,0,2,0,4,4,0,3,4,4,0,1,3,0,0,0,2,0,0,0,2,0,0,2,0,0,0,0,2,0,0,0,0,1,0,3,0,0,1,0,2184291
"1067","wtnE5ZvR2SAyQFs",52,"Female","2",49,"deck4","deck1","P-NP",76,2625.94000005629,11,"parity",1,73,803.424999932759,"Yes","Somewhat.","I liked the decks with the progress bar.","Yes. There were definite patterns in most of the decks.","Yes, the decks that alternated colors were the most difficult for me,",3,7,9,1,2,6,3,3,0,0,0,3,0,2,0,4,4,0,3,4,4,0,1,3,0,0,0,2,0,0,0,2,0,0,2,0,0,0,0,2,0,0,0,0,1,0,3,0,0,1,0,2185596
"1068","wtnE5ZvR2SAyQFs",52,"Female","2",49,"deck4","deck1","P-NP",76,2625.94000005629,12,"parity",1,73,687.814999953844,"Yes","Somewhat.","I liked the decks with the progress bar.","Yes. There were definite patterns in most of the decks.","Yes, the decks that alternated colors were the most difficult for me,",3,7,9,1,2,6,3,3,0,0,0,3,0,2,0,4,4,0,3,4,4,0,1,3,0,0,0,2,0,0,0,2,0,0,2,0,0,0,0,2,0,0,0,0,1,0,3,0,0,1,0,2186787
"1069","wtnE5ZvR2SAyQFs",52,"Female","2",49,"deck4","deck1","P-NP",76,2625.94000005629,13,"parity",8,69,1497.9699999094,"Yes","Somewhat.","I liked the decks with the progress bar.","Yes. There were definite patterns in most of the decks.","Yes, the decks that alternated colors were the most difficult for me,",3,7,9,1,2,6,3,3,0,0,0,3,0,2,0,4,4,0,3,4,4,0,1,3,0,0,0,2,0,0,0,2,0,0,2,0,0,0,0,2,0,0,0,0,1,0,3,0,0,1,0,2188787
"1070","wtnE5ZvR2SAyQFs",52,"Female","2",49,"deck4","deck1","P-NP",76,2625.94000005629,14,"parity",4,69,689.325000043027,"Yes","Somewhat.","I liked the decks with the progress bar.","Yes. There were definite patterns in most of the decks.","Yes, the decks that alternated colors were the most difficult for me,",3,7,9,1,2,6,3,3,0,0,0,3,0,2,0,4,4,0,3,4,4,0,1,3,0,0,0,2,0,0,0,2,0,0,2,0,0,0,0,2,0,0,0,0,1,0,3,0,0,1,0,2189979
"1071","wtnE5ZvR2SAyQFs",52,"Female","2",49,"deck4","deck1","P-NP",76,2625.94000005629,15,"parity",7,73,714.425000012852,"Yes","Somewhat.","I liked the decks with the progress bar.","Yes. There were definite patterns in most of the decks.","Yes, the decks that alternated colors were the most difficult for me,",3,7,9,1,2,6,3,3,0,0,0,3,0,2,0,4,4,0,3,4,4,0,1,3,0,0,0,2,0,0,0,2,0,0,2,0,0,0,0,2,0,0,0,0,1,0,3,0,0,1,0,2191195
"1072","wtnE5ZvR2SAyQFs",52,"Female","2",49,"deck4","deck1","P-NP",76,2625.94000005629,16,"magnitude",9,73,642.465000040829,"Yes","Somewhat.","I liked the decks with the progress bar.","Yes. There were definite patterns in most of the decks.","Yes, the decks that alternated colors were the most difficult for me,",3,7,9,1,2,6,3,3,0,0,0,3,0,2,0,4,4,0,3,4,4,0,1,3,0,0,0,2,0,0,0,2,0,0,2,0,0,0,0,2,0,0,0,0,1,0,3,0,0,1,0,2192339
"1073","wtnE5ZvR2SAyQFs",52,"Female","2",50,"deck4","deck2","P-NP",76,3313.37499991059,1,"magnitude",2,69,1092.21499995328,"Yes","Somewhat.","I liked the decks with the progress bar.","Yes. There were definite patterns in most of the decks.","Yes, the decks that alternated colors were the most difficult for me,",3,7,9,1,2,6,3,3,0,0,0,3,0,2,0,4,4,0,3,4,4,0,1,3,0,0,0,2,0,0,0,2,0,0,2,0,0,0,0,2,0,0,0,0,1,0,3,0,0,1,0,2198251
"1074","wtnE5ZvR2SAyQFs",52,"Female","2",50,"deck4","deck2","P-NP",76,3313.37499991059,2,"magnitude",4,69,1049.96999993455,"Yes","Somewhat.","I liked the decks with the progress bar.","Yes. There were definite patterns in most of the decks.","Yes, the decks that alternated colors were the most difficult for me,",3,7,9,1,2,6,3,3,0,0,0,3,0,2,0,4,4,0,3,4,4,0,1,3,0,0,0,2,0,0,0,2,0,0,2,0,0,0,0,2,0,0,0,0,1,0,3,0,0,1,0,2199802
"1075","wtnE5ZvR2SAyQFs",52,"Female","2",50,"deck4","deck2","P-NP",76,3313.37499991059,3,"magnitude",4,69,474.280000082217,"Yes","Somewhat.","I liked the decks with the progress bar.","Yes. There were definite patterns in most of the decks.","Yes, the decks that alternated colors were the most difficult for me,",3,7,9,1,2,6,3,3,0,0,0,3,0,2,0,4,4,0,3,4,4,0,1,3,0,0,0,2,0,0,0,2,0,0,2,0,0,0,0,2,0,0,0,0,1,0,3,0,0,1,0,2200779
"1076","wtnE5ZvR2SAyQFs",52,"Female","2",50,"deck4","deck2","P-NP",76,3313.37499991059,4,"magnitude",9,73,505.675000022165,"Yes","Somewhat.","I liked the decks with the progress bar.","Yes. There were definite patterns in most of the decks.","Yes, the decks that alternated colors were the most difficult for me,",3,7,9,1,2,6,3,3,0,0,0,3,0,2,0,4,4,0,3,4,4,0,1,3,0,0,0,2,0,0,0,2,0,0,2,0,0,0,0,2,0,0,0,0,1,0,3,0,0,1,0,2201786
"1077","wtnE5ZvR2SAyQFs",52,"Female","2",50,"deck4","deck2","P-NP",76,3313.37499991059,5,"parity",4,69,763.395000016317,"Yes","Somewhat.","I liked the decks with the progress bar.","Yes. There were definite patterns in most of the decks.","Yes, the decks that alternated colors were the most difficult for me,",3,7,9,1,2,6,3,3,0,0,0,3,0,2,0,4,4,0,3,4,4,0,1,3,0,0,0,2,0,0,0,2,0,0,2,0,0,0,0,2,0,0,0,0,1,0,3,0,0,1,0,2203052
"1078","wtnE5ZvR2SAyQFs",52,"Female","2",50,"deck4","deck2","P-NP",76,3313.37499991059,6,"parity",9,73,504.859999986365,"Yes","Somewhat.","I liked the decks with the progress bar.","Yes. There were definite patterns in most of the decks.","Yes, the decks that alternated colors were the most difficult for me,",3,7,9,1,2,6,3,3,0,0,0,3,0,2,0,4,4,0,3,4,4,0,1,3,0,0,0,2,0,0,0,2,0,0,2,0,0,0,0,2,0,0,0,0,1,0,3,0,0,1,0,2204059
"1079","wtnE5ZvR2SAyQFs",52,"Female","2",50,"deck4","deck2","P-NP",76,3313.37499991059,7,"parity",9,73,434.224999975413,"Yes","Somewhat.","I liked the decks with the progress bar.","Yes. There were definite patterns in most of the decks.","Yes, the decks that alternated colors were the most difficult for me,",3,7,9,1,2,6,3,3,0,0,0,3,0,2,0,4,4,0,3,4,4,0,1,3,0,0,0,2,0,0,0,2,0,0,2,0,0,0,0,2,0,0,0,0,1,0,3,0,0,1,0,2204995
"1080","wtnE5ZvR2SAyQFs",52,"Female","2",50,"deck4","deck2","P-NP",76,3313.37499991059,8,"parity",3,73,825.710000004619,"Yes","Somewhat.","I liked the decks with the progress bar.","Yes. There were definite patterns in most of the decks.","Yes, the decks that alternated colors were the most difficult for me,",3,7,9,1,2,6,3,3,0,0,0,3,0,2,0,4,4,0,3,4,4,0,1,3,0,0,0,2,0,0,0,2,0,0,2,0,0,0,0,2,0,0,0,0,1,0,3,0,0,1,0,2206322
"1081","wtnE5ZvR2SAyQFs",52,"Female","2",50,"deck4","deck2","P-NP",76,3313.37499991059,9,"parity",6,69,754.41499997396,"Yes","Somewhat.","I liked the decks with the progress bar.","Yes. There were definite patterns in most of the decks.","Yes, the decks that alternated colors were the most difficult for me,",3,7,9,1,2,6,3,3,0,0,0,3,0,2,0,4,4,0,3,4,4,0,1,3,0,0,0,2,0,0,0,2,0,0,2,0,0,0,0,2,0,0,0,0,1,0,3,0,0,1,0,2207578
"1082","wtnE5ZvR2SAyQFs",52,"Female","2",50,"deck4","deck2","P-NP",76,3313.37499991059,10,"magnitude",9,73,594.314999994822,"Yes","Somewhat.","I liked the decks with the progress bar.","Yes. There were definite patterns in most of the decks.","Yes, the decks that alternated colors were the most difficult for me,",3,7,9,1,2,6,3,3,0,0,0,3,0,2,0,4,4,0,3,4,4,0,1,3,0,0,0,2,0,0,0,2,0,0,2,0,0,0,0,2,0,0,0,0,1,0,3,0,0,1,0,2208675
"1083","wtnE5ZvR2SAyQFs",52,"Female","2",50,"deck4","deck2","P-NP",76,3313.37499991059,11,"magnitude",4,69,665.924999979325,"Yes","Somewhat.","I liked the decks with the progress bar.","Yes. There were definite patterns in most of the decks.","Yes, the decks that alternated colors were the most difficult for me,",3,7,9,1,2,6,3,3,0,0,0,3,0,2,0,4,4,0,3,4,4,0,1,3,0,0,0,2,0,0,0,2,0,0,2,0,0,0,0,2,0,0,0,0,1,0,3,0,0,1,0,2209843
"1084","wtnE5ZvR2SAyQFs",52,"Female","2",50,"deck4","deck2","P-NP",76,3313.37499991059,12,"magnitude",8,73,570.880000013858,"Yes","Somewhat.","I liked the decks with the progress bar.","Yes. There were definite patterns in most of the decks.","Yes, the decks that alternated colors were the most difficult for me,",3,7,9,1,2,6,3,3,0,0,0,3,0,2,0,4,4,0,3,4,4,0,1,3,0,0,0,2,0,0,0,2,0,0,2,0,0,0,0,2,0,0,0,0,1,0,3,0,0,1,0,2210915
"1085","wtnE5ZvR2SAyQFs",52,"Female","2",50,"deck4","deck2","P-NP",76,3313.37499991059,13,"magnitude",9,73,498.250000062399,"Yes","Somewhat.","I liked the decks with the progress bar.","Yes. There were definite patterns in most of the decks.","Yes, the decks that alternated colors were the most difficult for me,",3,7,9,1,2,6,3,3,0,0,0,3,0,2,0,4,4,0,3,4,4,0,1,3,0,0,0,2,0,0,0,2,0,0,2,0,0,0,0,2,0,0,0,0,1,0,3,0,0,1,0,2211915
"1086","wtnE5ZvR2SAyQFs",52,"Female","2",50,"deck4","deck2","P-NP",76,3313.37499991059,14,"magnitude",2,69,618.354999925941,"Yes","Somewhat.","I liked the decks with the progress bar.","Yes. There were definite patterns in most of the decks.","Yes, the decks that alternated colors were the most difficult for me,",3,7,9,1,2,6,3,3,0,0,0,3,0,2,0,4,4,0,3,4,4,0,1,3,0,0,0,2,0,0,0,2,0,0,2,0,0,0,0,2,0,0,0,0,1,0,3,0,0,1,0,2213035
"1087","wtnE5ZvR2SAyQFs",52,"Female","2",50,"deck4","deck2","P-NP",76,3313.37499991059,15,"magnitude",7,73,585.710000013933,"Yes","Somewhat.","I liked the decks with the progress bar.","Yes. There were definite patterns in most of the decks.","Yes, the decks that alternated colors were the most difficult for me,",3,7,9,1,2,6,3,3,0,0,0,3,0,2,0,4,4,0,3,4,4,0,1,3,0,0,0,2,0,0,0,2,0,0,2,0,0,0,0,2,0,0,0,0,1,0,3,0,0,1,0,2214123
"1088","wtnE5ZvR2SAyQFs",52,"Female","2",50,"deck4","deck2","P-NP",76,3313.37499991059,16,"magnitude",8,73,650.455000111833,"Yes","Somewhat.","I liked the decks with the progress bar.","Yes. There were definite patterns in most of the decks.","Yes, the decks that alternated colors were the most difficult for me,",3,7,9,1,2,6,3,3,0,0,0,3,0,2,0,4,4,0,3,4,4,0,1,3,0,0,0,2,0,0,0,2,0,0,2,0,0,0,0,2,0,0,0,0,1,0,3,0,0,1,0,2215275
"1089","wtnE5ZvR2SAyQFs",52,"Female","2",51,"deck1","deck2","NP-NP",76,3113.54500008747,1,"magnitude",4,69,1082.90999999736,"Yes","Somewhat.","I liked the decks with the progress bar.","Yes. There were definite patterns in most of the decks.","Yes, the decks that alternated colors were the most difficult for me,",3,7,9,1,2,6,3,3,0,0,0,3,0,2,0,4,4,0,3,4,4,0,1,3,0,0,0,2,0,0,0,2,0,0,2,0,0,0,0,2,0,0,0,0,1,0,3,0,0,1,0,2220979
"1090","wtnE5ZvR2SAyQFs",52,"Female","2",51,"deck1","deck2","NP-NP",76,3113.54500008747,2,"magnitude",8,73,529.699999955483,"Yes","Somewhat.","I liked the decks with the progress bar.","Yes. There were definite patterns in most of the decks.","Yes, the decks that alternated colors were the most difficult for me,",3,7,9,1,2,6,3,3,0,0,0,3,0,2,0,4,4,0,3,4,4,0,1,3,0,0,0,2,0,0,0,2,0,0,2,0,0,0,0,2,0,0,0,0,1,0,3,0,0,1,0,2222011
"1091","wtnE5ZvR2SAyQFs",52,"Female","2",51,"deck1","deck2","NP-NP",76,3113.54500008747,3,"magnitude",2,69,522.635000059381,"Yes","Somewhat.","I liked the decks with the progress bar.","Yes. There were definite patterns in most of the decks.","Yes, the decks that alternated colors were the most difficult for me,",3,7,9,1,2,6,3,3,0,0,0,3,0,2,0,4,4,0,3,4,4,0,1,3,0,0,0,2,0,0,0,2,0,0,2,0,0,0,0,2,0,0,0,0,1,0,3,0,0,1,0,2223035
"1092","wtnE5ZvR2SAyQFs",52,"Female","2",51,"deck1","deck2","NP-NP",76,3113.54500008747,4,"magnitude",4,69,458.08000001125,"Yes","Somewhat.","I liked the decks with the progress bar.","Yes. There were definite patterns in most of the decks.","Yes, the decks that alternated colors were the most difficult for me,",3,7,9,1,2,6,3,3,0,0,0,3,0,2,0,4,4,0,3,4,4,0,1,3,0,0,0,2,0,0,0,2,0,0,2,0,0,0,0,2,0,0,0,0,1,0,3,0,0,1,0,2223995
"1093","wtnE5ZvR2SAyQFs",52,"Female","2",51,"deck1","deck2","NP-NP",76,3113.54500008747,5,"magnitude",8,73,392.670000088401,"Yes","Somewhat.","I liked the decks with the progress bar.","Yes. There were definite patterns in most of the decks.","Yes, the decks that alternated colors were the most difficult for me,",3,7,9,1,2,6,3,3,0,0,0,3,0,2,0,4,4,0,3,4,4,0,1,3,0,0,0,2,0,0,0,2,0,0,2,0,0,0,0,2,0,0,0,0,1,0,3,0,0,1,0,2224899
"1094","wtnE5ZvR2SAyQFs",52,"Female","2",51,"deck1","deck2","NP-NP",76,3113.54500008747,6,"parity",4,69,818.175000022165,"Yes","Somewhat.","I liked the decks with the progress bar.","Yes. There were definite patterns in most of the decks.","Yes, the decks that alternated colors were the most difficult for me,",3,7,9,1,2,6,3,3,0,0,0,3,0,2,0,4,4,0,3,4,4,0,1,3,0,0,0,2,0,0,0,2,0,0,2,0,0,0,0,2,0,0,0,0,1,0,3,0,0,1,0,2226219
"1095","wtnE5ZvR2SAyQFs",52,"Female","2",51,"deck1","deck2","NP-NP",76,3113.54500008747,7,"parity",4,69,473.894999944605,"Yes","Somewhat.","I liked the decks with the progress bar.","Yes. There were definite patterns in most of the decks.","Yes, the decks that alternated colors were the most difficult for me,",3,7,9,1,2,6,3,3,0,0,0,3,0,2,0,4,4,0,3,4,4,0,1,3,0,0,0,2,0,0,0,2,0,0,2,0,0,0,0,2,0,0,0,0,1,0,3,0,0,1,0,2227195
"1096","wtnE5ZvR2SAyQFs",52,"Female","2",51,"deck1","deck2","NP-NP",76,3113.54500008747,8,"magnitude",2,69,698.439999949187,"Yes","Somewhat.","I liked the decks with the progress bar.","Yes. There were definite patterns in most of the decks.","Yes, the decks that alternated colors were the most difficult for me,",3,7,9,1,2,6,3,3,0,0,0,3,0,2,0,4,4,0,3,4,4,0,1,3,0,0,0,2,0,0,0,2,0,0,2,0,0,0,0,2,0,0,0,0,1,0,3,0,0,1,0,2228394
"1097","wtnE5ZvR2SAyQFs",52,"Female","2",51,"deck1","deck2","NP-NP",76,3113.54500008747,9,"magnitude",9,73,554.405000060797,"Yes","Somewhat.","I liked the decks with the progress bar.","Yes. There were definite patterns in most of the decks.","Yes, the decks that alternated colors were the most difficult for me,",3,7,9,1,2,6,3,3,0,0,0,3,0,2,0,4,4,0,3,4,4,0,1,3,0,0,0,2,0,0,0,2,0,0,2,0,0,0,0,2,0,0,0,0,1,0,3,0,0,1,0,2229451
"1098","wtnE5ZvR2SAyQFs",52,"Female","2",51,"deck1","deck2","NP-NP",76,3113.54500008747,10,"magnitude",3,69,523.139999946579,"Yes","Somewhat.","I liked the decks with the progress bar.","Yes. There were definite patterns in most of the decks.","Yes, the decks that alternated colors were the most difficult for me,",3,7,9,1,2,6,3,3,0,0,0,3,0,2,0,4,4,0,3,4,4,0,1,3,0,0,0,2,0,0,0,2,0,0,2,0,0,0,0,2,0,0,0,0,1,0,3,0,0,1,0,2230476
"1099","wtnE5ZvR2SAyQFs",52,"Female","2",51,"deck1","deck2","NP-NP",76,3113.54500008747,11,"magnitude",4,69,550.310000078753,"Yes","Somewhat.","I liked the decks with the progress bar.","Yes. There were definite patterns in most of the decks.","Yes, the decks that alternated colors were the most difficult for me,",3,7,9,1,2,6,3,3,0,0,0,3,0,2,0,4,4,0,3,4,4,0,1,3,0,0,0,2,0,0,0,2,0,0,2,0,0,0,0,2,0,0,0,0,1,0,3,0,0,1,0,2231539
"1100","wtnE5ZvR2SAyQFs",52,"Female","2",51,"deck1","deck2","NP-NP",76,3113.54500008747,12,"magnitude",6,73,642.289999988861,"Yes","Somewhat.","I liked the decks with the progress bar.","Yes. There were definite patterns in most of the decks.","Yes, the decks that alternated colors were the most difficult for me,",3,7,9,1,2,6,3,3,0,0,0,3,0,2,0,4,4,0,3,4,4,0,1,3,0,0,0,2,0,0,0,2,0,0,2,0,0,0,0,2,0,0,0,0,1,0,3,0,0,1,0,2232683
"1101","wtnE5ZvR2SAyQFs",52,"Female","2",51,"deck1","deck2","NP-NP",76,3113.54500008747,13,"magnitude",7,73,505.959999980405,"Yes","Somewhat.","I liked the decks with the progress bar.","Yes. There were definite patterns in most of the decks.","Yes, the decks that alternated colors were the most difficult for me,",3,7,9,1,2,6,3,3,0,0,0,3,0,2,0,4,4,0,3,4,4,0,1,3,0,0,0,2,0,0,0,2,0,0,2,0,0,0,0,2,0,0,0,0,1,0,3,0,0,1,0,2233691
"1102","wtnE5ZvR2SAyQFs",52,"Female","2",51,"deck1","deck2","NP-NP",76,3113.54500008747,14,"magnitude",7,73,561.32500001695,"Yes","Somewhat.","I liked the decks with the progress bar.","Yes. There were definite patterns in most of the decks.","Yes, the decks that alternated colors were the most difficult for me,",3,7,9,1,2,6,3,3,0,0,0,3,0,2,0,4,4,0,3,4,4,0,1,3,0,0,0,2,0,0,0,2,0,0,2,0,0,0,0,2,0,0,0,0,1,0,3,0,0,1,0,2234754
"1103","wtnE5ZvR2SAyQFs",52,"Female","2",51,"deck1","deck2","NP-NP",76,3113.54500008747,15,"magnitude",2,69,578.444999991916,"Yes","Somewhat.","I liked the decks with the progress bar.","Yes. There were definite patterns in most of the decks.","Yes, the decks that alternated colors were the most difficult for me,",3,7,9,1,2,6,3,3,0,0,0,3,0,2,0,4,4,0,3,4,4,0,1,3,0,0,0,2,0,0,0,2,0,0,2,0,0,0,0,2,0,0,0,0,1,0,3,0,0,1,0,2235835
"1104","wtnE5ZvR2SAyQFs",52,"Female","2",51,"deck1","deck2","NP-NP",76,3113.54500008747,16,"magnitude",9,73,601.829999941401,"Yes","Somewhat.","I liked the decks with the progress bar.","Yes. There were definite patterns in most of the decks.","Yes, the decks that alternated colors were the most difficult for me,",3,7,9,1,2,6,3,3,0,0,0,3,0,2,0,4,4,0,3,4,4,0,1,3,0,0,0,2,0,0,0,2,0,0,2,0,0,0,0,2,0,0,0,0,1,0,3,0,0,1,0,2236938
"1105","wtnE5ZvR2SAyQFs",52,"Female","2",52,"deck1","deck4","P-NP",82,2897.66999997664,1,"magnitude",2,69,1042.73499990813,"Yes","Somewhat.","I liked the decks with the progress bar.","Yes. There were definite patterns in most of the decks.","Yes, the decks that alternated colors were the most difficult for me,",3,7,9,1,2,6,3,3,0,0,0,3,0,2,0,4,4,0,3,4,4,0,1,3,0,0,0,2,0,0,0,2,0,0,2,0,0,0,0,2,0,0,0,0,1,0,3,0,0,1,0,2242387
"1106","wtnE5ZvR2SAyQFs",52,"Female","2",52,"deck1","deck4","P-NP",82,2897.66999997664,2,"magnitude",3,69,666.055000037886,"Yes","Somewhat.","I liked the decks with the progress bar.","Yes. There were definite patterns in most of the decks.","Yes, the decks that alternated colors were the most difficult for me,",3,7,9,1,2,6,3,3,0,0,0,3,0,2,0,4,4,0,3,4,4,0,1,3,0,0,0,2,0,0,0,2,0,0,2,0,0,0,0,2,0,0,0,0,1,0,3,0,0,1,0,2243554
"1107","wtnE5ZvR2SAyQFs",52,"Female","2",52,"deck1","deck4","P-NP",82,2897.66999997664,3,"magnitude",9,73,530.780000030063,"Yes","Somewhat.","I liked the decks with the progress bar.","Yes. There were definite patterns in most of the decks.","Yes, the decks that alternated colors were the most difficult for me,",3,7,9,1,2,6,3,3,0,0,0,3,0,2,0,4,4,0,3,4,4,0,1,3,0,0,0,2,0,0,0,2,0,0,2,0,0,0,0,2,0,0,0,0,1,0,3,0,0,1,0,2244586
"1108","wtnE5ZvR2SAyQFs",52,"Female","2",52,"deck1","deck4","P-NP",82,2897.66999997664,4,"magnitude",6,73,1066.2800000282,"Yes","Somewhat.","I liked the decks with the progress bar.","Yes. There were definite patterns in most of the decks.","Yes, the decks that alternated colors were the most difficult for me,",3,7,9,1,2,6,3,3,0,0,0,3,0,2,0,4,4,0,3,4,4,0,1,3,0,0,0,2,0,0,0,2,0,0,2,0,0,0,0,2,0,0,0,0,1,0,3,0,0,1,0,2246154
"1109","wtnE5ZvR2SAyQFs",52,"Female","2",52,"deck1","deck4","P-NP",82,2897.66999997664,5,"parity",3,73,1057.37499997485,"Yes","Somewhat.","I liked the decks with the progress bar.","Yes. There were definite patterns in most of the decks.","Yes, the decks that alternated colors were the most difficult for me,",3,7,9,1,2,6,3,3,0,0,0,3,0,2,0,4,4,0,3,4,4,0,1,3,0,0,0,2,0,0,0,2,0,0,2,0,0,0,0,2,0,0,0,0,1,0,3,0,0,1,0,2247714
"1110","wtnE5ZvR2SAyQFs",52,"Female","2",52,"deck1","deck4","P-NP",82,2897.66999997664,6,"parity",7,73,538.930000038818,"Yes","Somewhat.","I liked the decks with the progress bar.","Yes. There were definite patterns in most of the decks.","Yes, the decks that alternated colors were the most difficult for me,",3,7,9,1,2,6,3,3,0,0,0,3,0,2,0,4,4,0,3,4,4,0,1,3,0,0,0,2,0,0,0,2,0,0,2,0,0,0,0,2,0,0,0,0,1,0,3,0,0,1,0,2248756
"1111","wtnE5ZvR2SAyQFs",52,"Female","2",52,"deck1","deck4","P-NP",82,2897.66999997664,7,"parity",6,69,456.650000065565,"Yes","Somewhat.","I liked the decks with the progress bar.","Yes. There were definite patterns in most of the decks.","Yes, the decks that alternated colors were the most difficult for me,",3,7,9,1,2,6,3,3,0,0,0,3,0,2,0,4,4,0,3,4,4,0,1,3,0,0,0,2,0,0,0,2,0,0,2,0,0,0,0,2,0,0,0,0,1,0,3,0,0,1,0,2249715
"1112","wtnE5ZvR2SAyQFs",52,"Female","2",52,"deck1","deck4","P-NP",82,2897.66999997664,8,"parity",2,69,794.185000006109,"Yes","Somewhat.","I liked the decks with the progress bar.","Yes. There were definite patterns in most of the decks.","Yes, the decks that alternated colors were the most difficult for me,",3,7,9,1,2,6,3,3,0,0,0,3,0,2,0,4,4,0,3,4,4,0,1,3,0,0,0,2,0,0,0,2,0,0,2,0,0,0,0,2,0,0,0,0,1,0,3,0,0,1,0,2251010
"1113","wtnE5ZvR2SAyQFs",52,"Female","2",52,"deck1","deck4","P-NP",82,2897.66999997664,9,"parity",4,69,706.804999965243,"Yes","Somewhat.","I liked the decks with the progress bar.","Yes. There were definite patterns in most of the decks.","Yes, the decks that alternated colors were the most difficult for me,",3,7,9,1,2,6,3,3,0,0,0,3,0,2,0,4,4,0,3,4,4,0,1,3,0,0,0,2,0,0,0,2,0,0,2,0,0,0,0,2,0,0,0,0,1,0,3,0,0,1,0,2252218
"1114","wtnE5ZvR2SAyQFs",52,"Female","2",52,"deck1","deck4","P-NP",82,2897.66999997664,10,"magnitude",2,69,610.504999989644,"Yes","Somewhat.","I liked the decks with the progress bar.","Yes. There were definite patterns in most of the decks.","Yes, the decks that alternated colors were the most difficult for me,",3,7,9,1,2,6,3,3,0,0,0,3,0,2,0,4,4,0,3,4,4,0,1,3,0,0,0,2,0,0,0,2,0,0,2,0,0,0,0,2,0,0,0,0,1,0,3,0,0,1,0,2253330
"1115","wtnE5ZvR2SAyQFs",52,"Female","2",52,"deck1","deck4","P-NP",82,2897.66999997664,11,"magnitude",8,73,530.045000021346,"Yes","Somewhat.","I liked the decks with the progress bar.","Yes. There were definite patterns in most of the decks.","Yes, the decks that alternated colors were the most difficult for me,",3,7,9,1,2,6,3,3,0,0,0,3,0,2,0,4,4,0,3,4,4,0,1,3,0,0,0,2,0,0,0,2,0,0,2,0,0,0,0,2,0,0,0,0,1,0,3,0,0,1,0,2254362
"1116","wtnE5ZvR2SAyQFs",52,"Female","2",52,"deck1","deck4","P-NP",82,2897.66999997664,12,"magnitude",8,73,649.674999993294,"Yes","Somewhat.","I liked the decks with the progress bar.","Yes. There were definite patterns in most of the decks.","Yes, the decks that alternated colors were the most difficult for me,",3,7,9,1,2,6,3,3,0,0,0,3,0,2,0,4,4,0,3,4,4,0,1,3,0,0,0,2,0,0,0,2,0,0,2,0,0,0,0,2,0,0,0,0,1,0,3,0,0,1,0,2255514
"1117","wtnE5ZvR2SAyQFs",52,"Female","2",52,"deck1","deck4","P-NP",82,2897.66999997664,13,"magnitude",1,69,565.605000010692,"Yes","Somewhat.","I liked the decks with the progress bar.","Yes. There were definite patterns in most of the decks.","Yes, the decks that alternated colors were the most difficult for me,",3,7,9,1,2,6,3,3,0,0,0,3,0,2,0,4,4,0,3,4,4,0,1,3,0,0,0,2,0,0,0,2,0,0,2,0,0,0,0,2,0,0,0,0,1,0,3,0,0,1,0,2256594
"1118","wtnE5ZvR2SAyQFs",52,"Female","2",52,"deck1","deck4","P-NP",82,2897.66999997664,14,"magnitude",2,69,473.98000000976,"Yes","Somewhat.","I liked the decks with the progress bar.","Yes. There were definite patterns in most of the decks.","Yes, the decks that alternated colors were the most difficult for me,",3,7,9,1,2,6,3,3,0,0,0,3,0,2,0,4,4,0,3,4,4,0,1,3,0,0,0,2,0,0,0,2,0,0,2,0,0,0,0,2,0,0,0,0,1,0,3,0,0,1,0,2257572
"1119","wtnE5ZvR2SAyQFs",52,"Female","2",52,"deck1","deck4","P-NP",82,2897.66999997664,15,"magnitude",6,73,536.659999983385,"Yes","Somewhat.","I liked the decks with the progress bar.","Yes. There were definite patterns in most of the decks.","Yes, the decks that alternated colors were the most difficult for me,",3,7,9,1,2,6,3,3,0,0,0,3,0,2,0,4,4,0,3,4,4,0,1,3,0,0,0,2,0,0,0,2,0,0,2,0,0,0,0,2,0,0,0,0,1,0,3,0,0,1,0,2258610
"1120","wtnE5ZvR2SAyQFs",52,"Female","2",52,"deck1","deck4","P-NP",82,2897.66999997664,16,"magnitude",8,73,570.064999978058,"Yes","Somewhat.","I liked the decks with the progress bar.","Yes. There were definite patterns in most of the decks.","Yes, the decks that alternated colors were the most difficult for me,",3,7,9,1,2,6,3,3,0,0,0,3,0,2,0,4,4,0,3,4,4,0,1,3,0,0,0,2,0,0,0,2,0,0,2,0,0,0,0,2,0,0,0,0,1,0,3,0,0,1,0,2259682
"1121","wtnE5ZvR2SAyQFs",52,"Female","2",53,"deck3","deck5","P-NP",82,2121.58500007354,1,"magnitude",7,73,1315.04500005394,"Yes","Somewhat.","I liked the decks with the progress bar.","Yes. There were definite patterns in most of the decks.","Yes, the decks that alternated colors were the most difficult for me,",3,7,9,1,2,6,3,3,0,0,0,3,0,2,0,4,4,0,3,4,4,0,1,3,0,0,0,2,0,0,0,2,0,0,2,0,0,0,0,2,0,0,0,0,1,0,3,0,0,1,0,2264626
"1122","wtnE5ZvR2SAyQFs",52,"Female","2",53,"deck3","deck5","P-NP",82,2121.58500007354,2,"parity",1,73,713.549999985844,"Yes","Somewhat.","I liked the decks with the progress bar.","Yes. There were definite patterns in most of the decks.","Yes, the decks that alternated colors were the most difficult for me,",3,7,9,1,2,6,3,3,0,0,0,3,0,2,0,4,4,0,3,4,4,0,1,3,0,0,0,2,0,0,0,2,0,0,2,0,0,0,0,2,0,0,0,0,1,0,3,0,0,1,0,2265842
"1123","wtnE5ZvR2SAyQFs",52,"Female","2",53,"deck3","deck5","P-NP",82,2121.58500007354,3,"parity",4,69,954.555000062101,"Yes","Somewhat.","I liked the decks with the progress bar.","Yes. There were definite patterns in most of the decks.","Yes, the decks that alternated colors were the most difficult for me,",3,7,9,1,2,6,3,3,0,0,0,3,0,2,0,4,4,0,3,4,4,0,1,3,0,0,0,2,0,0,0,2,0,0,2,0,0,0,0,2,0,0,0,0,1,0,3,0,0,1,0,2267298
"1124","wtnE5ZvR2SAyQFs",52,"Female","2",53,"deck3","deck5","P-NP",82,2121.58500007354,4,"magnitude",2,69,602.034999988973,"Yes","Somewhat.","I liked the decks with the progress bar.","Yes. There were definite patterns in most of the decks.","Yes, the decks that alternated colors were the most difficult for me,",3,7,9,1,2,6,3,3,0,0,0,3,0,2,0,4,4,0,3,4,4,0,1,3,0,0,0,2,0,0,0,2,0,0,2,0,0,0,0,2,0,0,0,0,1,0,3,0,0,1,0,2268402
"1125","wtnE5ZvR2SAyQFs",52,"Female","2",53,"deck3","deck5","P-NP",82,2121.58500007354,5,"parity",2,69,1090.8000000054,"Yes","Somewhat.","I liked the decks with the progress bar.","Yes. There were definite patterns in most of the decks.","Yes, the decks that alternated colors were the most difficult for me,",3,7,9,1,2,6,3,3,0,0,0,3,0,2,0,4,4,0,3,4,4,0,1,3,0,0,0,2,0,0,0,2,0,0,2,0,0,0,0,2,0,0,0,0,1,0,3,0,0,1,0,2269994
"1126","wtnE5ZvR2SAyQFs",52,"Female","2",53,"deck3","deck5","P-NP",82,2121.58500007354,6,"magnitude",6,73,762.270000064746,"Yes","Somewhat.","I liked the decks with the progress bar.","Yes. There were definite patterns in most of the decks.","Yes, the decks that alternated colors were the most difficult for me,",3,7,9,1,2,6,3,3,0,0,0,3,0,2,0,4,4,0,3,4,4,0,1,3,0,0,0,2,0,0,0,2,0,0,2,0,0,0,0,2,0,0,0,0,1,0,3,0,0,1,0,2271258
"1127","wtnE5ZvR2SAyQFs",52,"Female","2",53,"deck3","deck5","P-NP",82,2121.58500007354,7,"magnitude",7,73,666.545000043698,"Yes","Somewhat.","I liked the decks with the progress bar.","Yes. There were definite patterns in most of the decks.","Yes, the decks that alternated colors were the most difficult for me,",3,7,9,1,2,6,3,3,0,0,0,3,0,2,0,4,4,0,3,4,4,0,1,3,0,0,0,2,0,0,0,2,0,0,2,0,0,0,0,2,0,0,0,0,1,0,3,0,0,1,0,2272426
"1128","wtnE5ZvR2SAyQFs",52,"Female","2",53,"deck3","deck5","P-NP",82,2121.58500007354,8,"parity",9,73,642.299999948591,"Yes","Somewhat.","I liked the decks with the progress bar.","Yes. There were definite patterns in most of the decks.","Yes, the decks that alternated colors were the most difficult for me,",3,7,9,1,2,6,3,3,0,0,0,3,0,2,0,4,4,0,3,4,4,0,1,3,0,0,0,2,0,0,0,2,0,0,2,0,0,0,0,2,0,0,0,0,1,0,3,0,0,1,0,2273570
"1129","wtnE5ZvR2SAyQFs",52,"Female","2",53,"deck3","deck5","P-NP",82,2121.58500007354,9,"parity",7,73,754.070000024512,"Yes","Somewhat.","I liked the decks with the progress bar.","Yes. There were definite patterns in most of the decks.","Yes, the decks that alternated colors were the most difficult for me,",3,7,9,1,2,6,3,3,0,0,0,3,0,2,0,4,4,0,3,4,4,0,1,3,0,0,0,2,0,0,0,2,0,0,2,0,0,0,0,2,0,0,0,0,1,0,3,0,0,1,0,2274826
"1130","wtnE5ZvR2SAyQFs",52,"Female","2",53,"deck3","deck5","P-NP",82,2121.58500007354,10,"magnitude",1,69,921.80000001099,"Yes","Somewhat.","I liked the decks with the progress bar.","Yes. There were definite patterns in most of the decks.","Yes, the decks that alternated colors were the most difficult for me,",3,7,9,1,2,6,3,3,0,0,0,3,0,2,0,4,4,0,3,4,4,0,1,3,0,0,0,2,0,0,0,2,0,0,2,0,0,0,0,2,0,0,0,0,1,0,3,0,0,1,0,2276250
"1131","wtnE5ZvR2SAyQFs",52,"Female","2",53,"deck3","deck5","P-NP",82,2121.58500007354,11,"magnitude",7,73,601.840000017546,"Yes","Somewhat.","I liked the decks with the progress bar.","Yes. There were definite patterns in most of the decks.","Yes, the decks that alternated colors were the most difficult for me,",3,7,9,1,2,6,3,3,0,0,0,3,0,2,0,4,4,0,3,4,4,0,1,3,0,0,0,2,0,0,0,2,0,0,2,0,0,0,0,2,0,0,0,0,1,0,3,0,0,1,0,2277354
"1132","wtnE5ZvR2SAyQFs",52,"Female","2",53,"deck3","deck5","P-NP",82,2121.58500007354,12,"magnitude",9,73,578.549999976531,"Yes","Somewhat.","I liked the decks with the progress bar.","Yes. There were definite patterns in most of the decks.","Yes, the decks that alternated colors were the most difficult for me,",3,7,9,1,2,6,3,3,0,0,0,3,0,2,0,4,4,0,3,4,4,0,1,3,0,0,0,2,0,0,0,2,0,0,2,0,0,0,0,2,0,0,0,0,1,0,3,0,0,1,0,2278434
"1133","wtnE5ZvR2SAyQFs",52,"Female","2",53,"deck3","deck5","P-NP",82,2121.58500007354,13,"magnitude",4,69,658.090000040829,"Yes","Somewhat.","I liked the decks with the progress bar.","Yes. There were definite patterns in most of the decks.","Yes, the decks that alternated colors were the most difficult for me,",3,7,9,1,2,6,3,3,0,0,0,3,0,2,0,4,4,0,3,4,4,0,1,3,0,0,0,2,0,0,0,2,0,0,2,0,0,0,0,2,0,0,0,0,1,0,3,0,0,1,0,2279594
"1134","wtnE5ZvR2SAyQFs",52,"Female","2",53,"deck3","deck5","P-NP",82,2121.58500007354,14,"magnitude",4,69,456.834999960847,"Yes","Somewhat.","I liked the decks with the progress bar.","Yes. There were definite patterns in most of the decks.","Yes, the decks that alternated colors were the most difficult for me,",3,7,9,1,2,6,3,3,0,0,0,3,0,2,0,4,4,0,3,4,4,0,1,3,0,0,0,2,0,0,0,2,0,0,2,0,0,0,0,2,0,0,0,0,1,0,3,0,0,1,0,2280554
"1135","wtnE5ZvR2SAyQFs",52,"Female","2",53,"deck3","deck5","P-NP",82,2121.58500007354,15,"parity",2,69,706.525000045076,"Yes","Somewhat.","I liked the decks with the progress bar.","Yes. There were definite patterns in most of the decks.","Yes, the decks that alternated colors were the most difficult for me,",3,7,9,1,2,6,3,3,0,0,0,3,0,2,0,4,4,0,3,4,4,0,1,3,0,0,0,2,0,0,0,2,0,0,2,0,0,0,0,2,0,0,0,0,1,0,3,0,0,1,0,2281762
"1136","wtnE5ZvR2SAyQFs",52,"Female","2",53,"deck3","deck5","P-NP",82,2121.58500007354,16,"magnitude",9,73,690.225000027567,"Yes","Somewhat.","I liked the decks with the progress bar.","Yes. There were definite patterns in most of the decks.","Yes, the decks that alternated colors were the most difficult for me,",3,7,9,1,2,6,3,3,0,0,0,3,0,2,0,4,4,0,3,4,4,0,1,3,0,0,0,2,0,0,0,2,0,0,2,0,0,0,0,2,0,0,0,0,1,0,3,0,0,1,0,2282954
"1137","wtnE5ZvR2SAyQFs",52,"Female","2",54,"deck6","deck3","P-NP",76,2857.45999997016,1,"parity",3,73,1392.66999997199,"Yes","Somewhat.","I liked the decks with the progress bar.","Yes. There were definite patterns in most of the decks.","Yes, the decks that alternated colors were the most difficult for me,",3,7,9,1,2,6,3,3,0,0,0,3,0,2,0,4,4,0,3,4,4,0,1,3,0,0,0,2,0,0,0,2,0,0,2,0,0,0,0,2,0,0,0,0,1,0,3,0,0,1,0,2288714
"1138","wtnE5ZvR2SAyQFs",52,"Female","2",54,"deck6","deck3","P-NP",76,2857.45999997016,2,"magnitude",4,69,866.539999959059,"Yes","Somewhat.","I liked the decks with the progress bar.","Yes. There were definite patterns in most of the decks.","Yes, the decks that alternated colors were the most difficult for me,",3,7,9,1,2,6,3,3,0,0,0,3,0,2,0,4,4,0,3,4,4,0,1,3,0,0,0,2,0,0,0,2,0,0,2,0,0,0,0,2,0,0,0,0,1,0,3,0,0,1,0,2290082
"1139","wtnE5ZvR2SAyQFs",52,"Female","2",54,"deck6","deck3","P-NP",76,2857.45999997016,3,"parity",8,69,770.170000032522,"Yes","Somewhat.","I liked the decks with the progress bar.","Yes. There were definite patterns in most of the decks.","Yes, the decks that alternated colors were the most difficult for me,",3,7,9,1,2,6,3,3,0,0,0,3,0,2,0,4,4,0,3,4,4,0,1,3,0,0,0,2,0,0,0,2,0,0,2,0,0,0,0,2,0,0,0,0,1,0,3,0,0,1,0,2291354
"1140","wtnE5ZvR2SAyQFs",52,"Female","2",54,"deck6","deck3","P-NP",76,2857.45999997016,4,"magnitude",3,69,666.029999963939,"Yes","Somewhat.","I liked the decks with the progress bar.","Yes. There were definite patterns in most of the decks.","Yes, the decks that alternated colors were the most difficult for me,",3,7,9,1,2,6,3,3,0,0,0,3,0,2,0,4,4,0,3,4,4,0,1,3,0,0,0,2,0,0,0,2,0,0,2,0,0,0,0,2,0,0,0,0,1,0,3,0,0,1,0,2292522
"1141","wtnE5ZvR2SAyQFs",52,"Female","2",54,"deck6","deck3","P-NP",76,2857.45999997016,5,"parity",4,69,2098.54999999516,"Yes","Somewhat.","I liked the decks with the progress bar.","Yes. There were definite patterns in most of the decks.","Yes, the decks that alternated colors were the most difficult for me,",3,7,9,1,2,6,3,3,0,0,0,3,0,2,0,4,4,0,3,4,4,0,1,3,0,0,0,2,0,0,0,2,0,0,2,0,0,0,0,2,0,0,0,0,1,0,3,0,0,1,0,2295122
"1142","wtnE5ZvR2SAyQFs",52,"Female","2",54,"deck6","deck3","P-NP",76,2857.45999997016,6,"magnitude",3,69,609.939999994822,"Yes","Somewhat.","I liked the decks with the progress bar.","Yes. There were definite patterns in most of the decks.","Yes, the decks that alternated colors were the most difficult for me,",3,7,9,1,2,6,3,3,0,0,0,3,0,2,0,4,4,0,3,4,4,0,1,3,0,0,0,2,0,0,0,2,0,0,2,0,0,0,0,2,0,0,0,0,1,0,3,0,0,1,0,2296234
"1143","wtnE5ZvR2SAyQFs",52,"Female","2",54,"deck6","deck3","P-NP",76,2857.45999997016,7,"parity",8,69,1337.15000003576,"Yes","Somewhat.","I liked the decks with the progress bar.","Yes. There were definite patterns in most of the decks.","Yes, the decks that alternated colors were the most difficult for me,",3,7,9,1,2,6,3,3,0,0,0,3,0,2,0,4,4,0,3,4,4,0,1,3,0,0,0,2,0,0,0,2,0,0,2,0,0,0,0,2,0,0,0,0,1,0,3,0,0,1,0,2298074
"1144","wtnE5ZvR2SAyQFs",52,"Female","2",54,"deck6","deck3","P-NP",76,2857.45999997016,8,"magnitude",2,69,818.055000039749,"Yes","Somewhat.","I liked the decks with the progress bar.","Yes. There were definite patterns in most of the decks.","Yes, the decks that alternated colors were the most difficult for me,",3,7,9,1,2,6,3,3,0,0,0,3,0,2,0,4,4,0,3,4,4,0,1,3,0,0,0,2,0,0,0,2,0,0,2,0,0,0,0,2,0,0,0,0,1,0,3,0,0,1,0,2299394
"1145","wtnE5ZvR2SAyQFs",52,"Female","2",54,"deck6","deck3","P-NP",76,2857.45999997016,9,"parity",2,69,674.020000034943,"Yes","Somewhat.","I liked the decks with the progress bar.","Yes. There were definite patterns in most of the decks.","Yes, the decks that alternated colors were the most difficult for me,",3,7,9,1,2,6,3,3,0,0,0,3,0,2,0,4,4,0,3,4,4,0,1,3,0,0,0,2,0,0,0,2,0,0,2,0,0,0,0,2,0,0,0,0,1,0,3,0,0,1,0,2300570
"1146","wtnE5ZvR2SAyQFs",52,"Female","2",54,"deck6","deck3","P-NP",76,2857.45999997016,10,"magnitude",1,69,938.704999978654,"Yes","Somewhat.","I liked the decks with the progress bar.","Yes. There were definite patterns in most of the decks.","Yes, the decks that alternated colors were the most difficult for me,",3,7,9,1,2,6,3,3,0,0,0,3,0,2,0,4,4,0,3,4,4,0,1,3,0,0,0,2,0,0,0,2,0,0,2,0,0,0,0,2,0,0,0,0,1,0,3,0,0,1,0,2302010
"1147","wtnE5ZvR2SAyQFs",52,"Female","2",54,"deck6","deck3","P-NP",76,2857.45999997016,11,"magnitude",2,69,585.674999980256,"Yes","Somewhat.","I liked the decks with the progress bar.","Yes. There were definite patterns in most of the decks.","Yes, the decks that alternated colors were the most difficult for me,",3,7,9,1,2,6,3,3,0,0,0,3,0,2,0,4,4,0,3,4,4,0,1,3,0,0,0,2,0,0,0,2,0,0,2,0,0,0,0,2,0,0,0,0,1,0,3,0,0,1,0,2303098
"1148","wtnE5ZvR2SAyQFs",52,"Female","2",54,"deck6","deck3","P-NP",76,2857.45999997016,12,"parity",2,69,953.525000018999,"Yes","Somewhat.","I liked the decks with the progress bar.","Yes. There were definite patterns in most of the decks.","Yes, the decks that alternated colors were the most difficult for me,",3,7,9,1,2,6,3,3,0,0,0,3,0,2,0,4,4,0,3,4,4,0,1,3,0,0,0,2,0,0,0,2,0,0,2,0,0,0,0,2,0,0,0,0,1,0,3,0,0,1,0,2304554
"1149","wtnE5ZvR2SAyQFs",52,"Female","2",54,"deck6","deck3","P-NP",76,2857.45999997016,13,"magnitude",6,73,770.010000094771,"Yes","Somewhat.","I liked the decks with the progress bar.","Yes. There were definite patterns in most of the decks.","Yes, the decks that alternated colors were the most difficult for me,",3,7,9,1,2,6,3,3,0,0,0,3,0,2,0,4,4,0,3,4,4,0,1,3,0,0,0,2,0,0,0,2,0,0,2,0,0,0,0,2,0,0,0,0,1,0,3,0,0,1,0,2305826
"1150","wtnE5ZvR2SAyQFs",52,"Female","2",54,"deck6","deck3","P-NP",76,2857.45999997016,14,"parity",1,73,890.669999993406,"Yes","Somewhat.","I liked the decks with the progress bar.","Yes. There were definite patterns in most of the decks.","Yes, the decks that alternated colors were the most difficult for me,",3,7,9,1,2,6,3,3,0,0,0,3,0,2,0,4,4,0,3,4,4,0,1,3,0,0,0,2,0,0,0,2,0,0,2,0,0,0,0,2,0,0,0,0,1,0,3,0,0,1,0,2307218
"1151","wtnE5ZvR2SAyQFs",52,"Female","2",54,"deck6","deck3","P-NP",76,2857.45999997016,15,"magnitude",3,69,874.714999925345,"Yes","Somewhat.","I liked the decks with the progress bar.","Yes. There were definite patterns in most of the decks.","Yes, the decks that alternated colors were the most difficult for me,",3,7,9,1,2,6,3,3,0,0,0,3,0,2,0,4,4,0,3,4,4,0,1,3,0,0,0,2,0,0,0,2,0,0,2,0,0,0,0,2,0,0,0,0,1,0,3,0,0,1,0,2308594
"1152","wtnE5ZvR2SAyQFs",52,"Female","2",54,"deck6","deck3","P-NP",76,2857.45999997016,16,"parity",3,73,898.249999969266,"Yes","Somewhat.","I liked the decks with the progress bar.","Yes. There were definite patterns in most of the decks.","Yes, the decks that alternated colors were the most difficult for me,",3,7,9,1,2,6,3,3,0,0,0,3,0,2,0,4,4,0,3,4,4,0,1,3,0,0,0,2,0,0,0,2,0,0,2,0,0,0,0,2,0,0,0,0,1,0,3,0,0,1,0,2309994
"1153","wtnE5ZvR2SAyQFs",52,"Female","2",55,"deck5","deck2","P-NP",76,3417.3900000751,1,"magnitude",3,69,1508.35000001825,"Yes","Somewhat.","I liked the decks with the progress bar.","Yes. There were definite patterns in most of the decks.","Yes, the decks that alternated colors were the most difficult for me,",3,7,9,1,2,6,3,3,0,0,0,3,0,2,0,4,4,0,3,4,4,0,1,3,0,0,0,2,0,0,0,2,0,0,2,0,0,0,0,2,0,0,0,0,1,0,3,0,0,1,0,2316426
"1154","wtnE5ZvR2SAyQFs",52,"Female","2",55,"deck5","deck2","P-NP",76,3417.3900000751,2,"magnitude",8,73,586.080000037327,"Yes","Somewhat.","I liked the decks with the progress bar.","Yes. There were definite patterns in most of the decks.","Yes, the decks that alternated colors were the most difficult for me,",3,7,9,1,2,6,3,3,0,0,0,3,0,2,0,4,4,0,3,4,4,0,1,3,0,0,0,2,0,0,0,2,0,0,2,0,0,0,0,2,0,0,0,0,1,0,3,0,0,1,0,2317514
"1155","wtnE5ZvR2SAyQFs",52,"Female","2",55,"deck5","deck2","P-NP",76,3417.3900000751,3,"magnitude",3,69,561.860000016168,"Yes","Somewhat.","I liked the decks with the progress bar.","Yes. There were definite patterns in most of the decks.","Yes, the decks that alternated colors were the most difficult for me,",3,7,9,1,2,6,3,3,0,0,0,3,0,2,0,4,4,0,3,4,4,0,1,3,0,0,0,2,0,0,0,2,0,0,2,0,0,0,0,2,0,0,0,0,1,0,3,0,0,1,0,2318578
"1156","wtnE5ZvR2SAyQFs",52,"Female","2",55,"deck5","deck2","P-NP",76,3417.3900000751,4,"magnitude",2,69,586.6049999604,"Yes","Somewhat.","I liked the decks with the progress bar.","Yes. There were definite patterns in most of the decks.","Yes, the decks that alternated colors were the most difficult for me,",3,7,9,1,2,6,3,3,0,0,0,3,0,2,0,4,4,0,3,4,4,0,1,3,0,0,0,2,0,0,0,2,0,0,2,0,0,0,0,2,0,0,0,0,1,0,3,0,0,1,0,2319666
"1157","wtnE5ZvR2SAyQFs",52,"Female","2",55,"deck5","deck2","P-NP",76,3417.3900000751,5,"parity",3,73,880.635000066832,"Yes","Somewhat.","I liked the decks with the progress bar.","Yes. There were definite patterns in most of the decks.","Yes, the decks that alternated colors were the most difficult for me,",3,7,9,1,2,6,3,3,0,0,0,3,0,2,0,4,4,0,3,4,4,0,1,3,0,0,0,2,0,0,0,2,0,0,2,0,0,0,0,2,0,0,0,0,1,0,3,0,0,1,0,2321050
"1158","wtnE5ZvR2SAyQFs",52,"Female","2",55,"deck5","deck2","P-NP",76,3417.3900000751,6,"parity",4,69,674.460000009276,"Yes","Somewhat.","I liked the decks with the progress bar.","Yes. There were definite patterns in most of the decks.","Yes, the decks that alternated colors were the most difficult for me,",3,7,9,1,2,6,3,3,0,0,0,3,0,2,0,4,4,0,3,4,4,0,1,3,0,0,0,2,0,0,0,2,0,0,2,0,0,0,0,2,0,0,0,0,1,0,3,0,0,1,0,2322226
"1159","wtnE5ZvR2SAyQFs",52,"Female","2",55,"deck5","deck2","P-NP",76,3417.3900000751,7,"magnitude",1,69,857.120000058785,"Yes","Somewhat.","I liked the decks with the progress bar.","Yes. There were definite patterns in most of the decks.","Yes, the decks that alternated colors were the most difficult for me,",3,7,9,1,2,6,3,3,0,0,0,3,0,2,0,4,4,0,3,4,4,0,1,3,0,0,0,2,0,0,0,2,0,0,2,0,0,0,0,2,0,0,0,0,1,0,3,0,0,1,0,2323586
"1160","wtnE5ZvR2SAyQFs",52,"Female","2",55,"deck5","deck2","P-NP",76,3417.3900000751,8,"parity",4,69,1066.0950000165,"Yes","Somewhat.","I liked the decks with the progress bar.","Yes. There were definite patterns in most of the decks.","Yes, the decks that alternated colors were the most difficult for me,",3,7,9,1,2,6,3,3,0,0,0,3,0,2,0,4,4,0,3,4,4,0,1,3,0,0,0,2,0,0,0,2,0,0,2,0,0,0,0,2,0,0,0,0,1,0,3,0,0,1,0,2325154
"1161","wtnE5ZvR2SAyQFs",52,"Female","2",55,"deck5","deck2","P-NP",76,3417.3900000751,9,"parity",7,73,634.150000056252,"Yes","Somewhat.","I liked the decks with the progress bar.","Yes. There were definite patterns in most of the decks.","Yes, the decks that alternated colors were the most difficult for me,",3,7,9,1,2,6,3,3,0,0,0,3,0,2,0,4,4,0,3,4,4,0,1,3,0,0,0,2,0,0,0,2,0,0,2,0,0,0,0,2,0,0,0,0,1,0,3,0,0,1,0,2326290
"1162","wtnE5ZvR2SAyQFs",52,"Female","2",55,"deck5","deck2","P-NP",76,3417.3900000751,10,"magnitude",9,73,601.840000017546,"Yes","Somewhat.","I liked the decks with the progress bar.","Yes. There were definite patterns in most of the decks.","Yes, the decks that alternated colors were the most difficult for me,",3,7,9,1,2,6,3,3,0,0,0,3,0,2,0,4,4,0,3,4,4,0,1,3,0,0,0,2,0,0,0,2,0,0,2,0,0,0,0,2,0,0,0,0,1,0,3,0,0,1,0,2327394
"1163","wtnE5ZvR2SAyQFs",52,"Female","2",55,"deck5","deck2","P-NP",76,3417.3900000751,11,"parity",4,69,826.449999934994,"Yes","Somewhat.","I liked the decks with the progress bar.","Yes. There were definite patterns in most of the decks.","Yes, the decks that alternated colors were the most difficult for me,",3,7,9,1,2,6,3,3,0,0,0,3,0,2,0,4,4,0,3,4,4,0,1,3,0,0,0,2,0,0,0,2,0,0,2,0,0,0,0,2,0,0,0,0,1,0,3,0,0,1,0,2328722
"1164","wtnE5ZvR2SAyQFs",52,"Female","2",55,"deck5","deck2","P-NP",76,3417.3900000751,12,"magnitude",3,69,715.190000017174,"Yes","Somewhat.","I liked the decks with the progress bar.","Yes. There were definite patterns in most of the decks.","Yes, the decks that alternated colors were the most difficult for me,",3,7,9,1,2,6,3,3,0,0,0,3,0,2,0,4,4,0,3,4,4,0,1,3,0,0,0,2,0,0,0,2,0,0,2,0,0,0,0,2,0,0,0,0,1,0,3,0,0,1,0,2329939
"1165","wtnE5ZvR2SAyQFs",52,"Female","2",55,"deck5","deck2","P-NP",76,3417.3900000751,13,"magnitude",8,73,560.135000036098,"Yes","Somewhat.","I liked the decks with the progress bar.","Yes. There were definite patterns in most of the decks.","Yes, the decks that alternated colors were the most difficult for me,",3,7,9,1,2,6,3,3,0,0,0,3,0,2,0,4,4,0,3,4,4,0,1,3,0,0,0,2,0,0,0,2,0,0,2,0,0,0,0,2,0,0,0,0,1,0,3,0,0,1,0,2331002
"1166","wtnE5ZvR2SAyQFs",52,"Female","2",55,"deck5","deck2","P-NP",76,3417.3900000751,14,"parity",2,69,497.429999988526,"Yes","Somewhat.","I liked the decks with the progress bar.","Yes. There were definite patterns in most of the decks.","Yes, the decks that alternated colors were the most difficult for me,",3,7,9,1,2,6,3,3,0,0,0,3,0,2,0,4,4,0,3,4,4,0,1,3,0,0,0,2,0,0,0,2,0,0,2,0,0,0,0,2,0,0,0,0,1,0,3,0,0,1,0,2332001
"1167","wtnE5ZvR2SAyQFs",52,"Female","2",55,"deck5","deck2","P-NP",76,3417.3900000751,15,"parity",8,69,594.335000030696,"Yes","Somewhat.","I liked the decks with the progress bar.","Yes. There were definite patterns in most of the decks.","Yes, the decks that alternated colors were the most difficult for me,",3,7,9,1,2,6,3,3,0,0,0,3,0,2,0,4,4,0,3,4,4,0,1,3,0,0,0,2,0,0,0,2,0,0,2,0,0,0,0,2,0,0,0,0,1,0,3,0,0,1,0,2333098
"1168","wtnE5ZvR2SAyQFs",52,"Female","2",55,"deck5","deck2","P-NP",76,3417.3900000751,16,"magnitude",6,73,777.955000055954,"Yes","Somewhat.","I liked the decks with the progress bar.","Yes. There were definite patterns in most of the decks.","Yes, the decks that alternated colors were the most difficult for me,",3,7,9,1,2,6,3,3,0,0,0,3,0,2,0,4,4,0,3,4,4,0,1,3,0,0,0,2,0,0,0,2,0,0,2,0,0,0,0,2,0,0,0,0,1,0,3,0,0,1,0,2334377
"1169","wtnE5ZvR2SAyQFs",52,"Female","2",56,"deck3","deck5","P-NP",82,3585.85499995388,1,"magnitude",3,69,927.630000049248,"Yes","Somewhat.","I liked the decks with the progress bar.","Yes. There were definite patterns in most of the decks.","Yes, the decks that alternated colors were the most difficult for me,",3,7,9,1,2,6,3,3,0,0,0,3,0,2,0,4,4,0,3,4,4,0,1,3,0,0,0,2,0,0,0,2,0,0,2,0,0,0,0,2,0,0,0,0,1,0,3,0,0,1,0,2340402
"1170","wtnE5ZvR2SAyQFs",52,"Female","2",56,"deck3","deck5","P-NP",82,3585.85499995388,2,"magnitude",1,69,498.230000026524,"Yes","Somewhat.","I liked the decks with the progress bar.","Yes. There were definite patterns in most of the decks.","Yes, the decks that alternated colors were the most difficult for me,",3,7,9,1,2,6,3,3,0,0,0,3,0,2,0,4,4,0,3,4,4,0,1,3,0,0,0,2,0,0,0,2,0,0,2,0,0,0,0,2,0,0,0,0,1,0,3,0,0,1,0,2341402
"1171","wtnE5ZvR2SAyQFs",52,"Female","2",56,"deck3","deck5","P-NP",82,3585.85499995388,3,"magnitude",4,69,521.240000030957,"Yes","Somewhat.","I liked the decks with the progress bar.","Yes. There were definite patterns in most of the decks.","Yes, the decks that alternated colors were the most difficult for me,",3,7,9,1,2,6,3,3,0,0,0,3,0,2,0,4,4,0,3,4,4,0,1,3,0,0,0,2,0,0,0,2,0,0,2,0,0,0,0,2,0,0,0,0,1,0,3,0,0,1,0,2342425
"1172","wtnE5ZvR2SAyQFs",52,"Female","2",56,"deck3","deck5","P-NP",82,3585.85499995388,4,"parity",8,73,537.884999997914,"Yes","Somewhat.","I liked the decks with the progress bar.","Yes. There were definite patterns in most of the decks.","Yes, the decks that alternated colors were the most difficult for me,",3,7,9,1,2,6,3,3,0,0,0,3,0,2,0,4,4,0,3,4,4,0,1,3,0,0,0,2,0,0,0,2,0,0,2,0,0,0,0,2,0,0,0,0,1,0,3,0,0,1,0,2343465
"1173","wtnE5ZvR2SAyQFs",52,"Female","2",56,"deck3","deck5","P-NP",82,3585.85499995388,5,"magnitude",8,73,786.450000014156,"Yes","Somewhat.","I liked the decks with the progress bar.","Yes. There were definite patterns in most of the decks.","Yes, the decks that alternated colors were the most difficult for me,",3,7,9,1,2,6,3,3,0,0,0,3,0,2,0,4,4,0,3,4,4,0,1,3,0,0,0,2,0,0,0,2,0,0,2,0,0,0,0,2,0,0,0,0,1,0,3,0,0,1,0,2344753
"1174","wtnE5ZvR2SAyQFs",52,"Female","2",56,"deck3","deck5","P-NP",82,3585.85499995388,6,"parity",9,73,570.42999996338,"Yes","Somewhat.","I liked the decks with the progress bar.","Yes. There were definite patterns in most of the decks.","Yes, the decks that alternated colors were the most difficult for me,",3,7,9,1,2,6,3,3,0,0,0,3,0,2,0,4,4,0,3,4,4,0,1,3,0,0,0,2,0,0,0,2,0,0,2,0,0,0,0,2,0,0,0,0,1,0,3,0,0,1,0,2345825
"1175","wtnE5ZvR2SAyQFs",52,"Female","2",56,"deck3","deck5","P-NP",82,3585.85499995388,7,"magnitude",8,73,875.130000058562,"Yes","Somewhat.","I liked the decks with the progress bar.","Yes. There were definite patterns in most of the decks.","Yes, the decks that alternated colors were the most difficult for me,",3,7,9,1,2,6,3,3,0,0,0,3,0,2,0,4,4,0,3,4,4,0,1,3,0,0,0,2,0,0,0,2,0,0,2,0,0,0,0,2,0,0,0,0,1,0,3,0,0,1,0,2347203
"1176","wtnE5ZvR2SAyQFs",52,"Female","2",56,"deck3","deck5","P-NP",82,3585.85499995388,8,"parity",9,73,599.220000091009,"Yes","Somewhat.","I liked the decks with the progress bar.","Yes. There were definite patterns in most of the decks.","Yes, the decks that alternated colors were the most difficult for me,",3,7,9,1,2,6,3,3,0,0,0,3,0,2,0,4,4,0,3,4,4,0,1,3,0,0,0,2,0,0,0,2,0,0,2,0,0,0,0,2,0,0,0,0,1,0,3,0,0,1,0,2348305
"1177","wtnE5ZvR2SAyQFs",52,"Female","2",56,"deck3","deck5","P-NP",82,3585.85499995388,9,"magnitude",6,73,794.315000064671,"Yes","Somewhat.","I liked the decks with the progress bar.","Yes. There were definite patterns in most of the decks.","Yes, the decks that alternated colors were the most difficult for me,",3,7,9,1,2,6,3,3,0,0,0,3,0,2,0,4,4,0,3,4,4,0,1,3,0,0,0,2,0,0,0,2,0,0,2,0,0,0,0,2,0,0,0,0,1,0,3,0,0,1,0,2349602
"1178","wtnE5ZvR2SAyQFs",52,"Female","2",56,"deck3","deck5","P-NP",82,3585.85499995388,10,"parity",1,69,993.914999999106,"Yes","Somewhat.","I liked the decks with the progress bar.","Yes. There were definite patterns in most of the decks.","Yes, the decks that alternated colors were the most difficult for me,",3,7,9,1,2,6,3,3,0,0,0,3,0,2,0,4,4,0,3,4,4,0,1,3,0,0,0,2,0,0,0,2,0,0,2,0,0,0,0,2,0,0,0,0,1,0,3,0,0,1,0,2351098
"1179","wtnE5ZvR2SAyQFs",52,"Female","2",56,"deck3","deck5","P-NP",82,3585.85499995388,11,"parity",7,73,1049.44500001147,"Yes","Somewhat.","I liked the decks with the progress bar.","Yes. There were definite patterns in most of the decks.","Yes, the decks that alternated colors were the most difficult for me,",3,7,9,1,2,6,3,3,0,0,0,3,0,2,0,4,4,0,3,4,4,0,1,3,0,0,0,2,0,0,0,2,0,0,2,0,0,0,0,2,0,0,0,0,1,0,3,0,0,1,0,2352649
"1180","wtnE5ZvR2SAyQFs",52,"Female","2",56,"deck3","deck5","P-NP",82,3585.85499995388,12,"magnitude",6,73,1114.42999995779,"Yes","Somewhat.","I liked the decks with the progress bar.","Yes. There were definite patterns in most of the decks.","Yes, the decks that alternated colors were the most difficult for me,",3,7,9,1,2,6,3,3,0,0,0,3,0,2,0,4,4,0,3,4,4,0,1,3,0,0,0,2,0,0,0,2,0,0,2,0,0,0,0,2,0,0,0,0,1,0,3,0,0,1,0,2354265
"1181","wtnE5ZvR2SAyQFs",52,"Female","2",56,"deck3","deck5","P-NP",82,3585.85499995388,13,"magnitude",7,73,666.535000083968,"Yes","Somewhat.","I liked the decks with the progress bar.","Yes. There were definite patterns in most of the decks.","Yes, the decks that alternated colors were the most difficult for me,",3,7,9,1,2,6,3,3,0,0,0,3,0,2,0,4,4,0,3,4,4,0,1,3,0,0,0,2,0,0,0,2,0,0,2,0,0,0,0,2,0,0,0,0,1,0,3,0,0,1,0,2355433
"1182","wtnE5ZvR2SAyQFs",52,"Female","2",56,"deck3","deck5","P-NP",82,3585.85499995388,14,"magnitude",7,73,619.560000021011,"Yes","Somewhat.","I liked the decks with the progress bar.","Yes. There were definite patterns in most of the decks.","Yes, the decks that alternated colors were the most difficult for me,",3,7,9,1,2,6,3,3,0,0,0,3,0,2,0,4,4,0,3,4,4,0,1,3,0,0,0,2,0,0,0,2,0,0,2,0,0,0,0,2,0,0,0,0,1,0,3,0,0,1,0,2356555
"1183","wtnE5ZvR2SAyQFs",52,"Female","2",56,"deck3","deck5","P-NP",82,3585.85499995388,15,"magnitude",3,69,581.915000104345,"Yes","Somewhat.","I liked the decks with the progress bar.","Yes. There were definite patterns in most of the decks.","Yes, the decks that alternated colors were the most difficult for me,",3,7,9,1,2,6,3,3,0,0,0,3,0,2,0,4,4,0,3,4,4,0,1,3,0,0,0,2,0,0,0,2,0,0,2,0,0,0,0,2,0,0,0,0,1,0,3,0,0,1,0,2357641
"1184","wtnE5ZvR2SAyQFs",52,"Female","2",56,"deck3","deck5","P-NP",82,3585.85499995388,16,"magnitude",4,69,889.945000060834,"Yes","Somewhat.","I liked the decks with the progress bar.","Yes. There were definite patterns in most of the decks.","Yes, the decks that alternated colors were the most difficult for me,",3,7,9,1,2,6,3,3,0,0,0,3,0,2,0,4,4,0,3,4,4,0,1,3,0,0,0,2,0,0,0,2,0,0,2,0,0,0,0,2,0,0,0,0,1,0,3,0,0,1,0,2359033
"1185","wtnE5ZvR2SAyQFs",52,"Female","2",57,"deck2","deck1","NP-NP",82,2353.89999998733,1,"magnitude",9,73,1426.2400000589,"Yes","Somewhat.","I liked the decks with the progress bar.","Yes. There were definite patterns in most of the decks.","Yes, the decks that alternated colors were the most difficult for me,",3,7,9,1,2,6,3,3,0,0,0,3,0,2,0,4,4,0,3,4,4,0,1,3,0,0,0,2,0,0,0,2,0,0,2,0,0,0,0,2,0,0,0,0,1,0,3,0,0,1,0,2364321
"1186","wtnE5ZvR2SAyQFs",52,"Female","2",57,"deck2","deck1","NP-NP",82,2353.89999998733,2,"parity",1,73,812.084999983199,"Yes","Somewhat.","I liked the decks with the progress bar.","Yes. There were definite patterns in most of the decks.","Yes, the decks that alternated colors were the most difficult for me,",3,7,9,1,2,6,3,3,0,0,0,3,0,2,0,4,4,0,3,4,4,0,1,3,0,0,0,2,0,0,0,2,0,0,2,0,0,0,0,2,0,0,0,0,1,0,3,0,0,1,0,2365635
"1187","wtnE5ZvR2SAyQFs",52,"Female","2",57,"deck2","deck1","NP-NP",82,2353.89999998733,3,"parity",6,69,856.464999960735,"Yes","Somewhat.","I liked the decks with the progress bar.","Yes. There were definite patterns in most of the decks.","Yes, the decks that alternated colors were the most difficult for me,",3,7,9,1,2,6,3,3,0,0,0,3,0,2,0,4,4,0,3,4,4,0,1,3,0,0,0,2,0,0,0,2,0,0,2,0,0,0,0,2,0,0,0,0,1,0,3,0,0,1,0,2366994
"1188","wtnE5ZvR2SAyQFs",52,"Female","2",57,"deck2","deck1","NP-NP",82,2353.89999998733,4,"magnitude",1,69,737.374999909662,"Yes","Somewhat.","I liked the decks with the progress bar.","Yes. There were definite patterns in most of the decks.","Yes, the decks that alternated colors were the most difficult for me,",3,7,9,1,2,6,3,3,0,0,0,3,0,2,0,4,4,0,3,4,4,0,1,3,0,0,0,2,0,0,0,2,0,0,2,0,0,0,0,2,0,0,0,0,1,0,3,0,0,1,0,2368233
"1189","wtnE5ZvR2SAyQFs",52,"Female","2",57,"deck2","deck1","NP-NP",82,2353.89999998733,5,"magnitude",2,69,730.334999971092,"Yes","Somewhat.","I liked the decks with the progress bar.","Yes. There were definite patterns in most of the decks.","Yes, the decks that alternated colors were the most difficult for me,",3,7,9,1,2,6,3,3,0,0,0,3,0,2,0,4,4,0,3,4,4,0,1,3,0,0,0,2,0,0,0,2,0,0,2,0,0,0,0,2,0,0,0,0,1,0,3,0,0,1,0,2369465
"1190","wtnE5ZvR2SAyQFs",52,"Female","2",57,"deck2","deck1","NP-NP",82,2353.89999998733,6,"magnitude",3,69,770.159999956377,"Yes","Somewhat.","I liked the decks with the progress bar.","Yes. There were definite patterns in most of the decks.","Yes, the decks that alternated colors were the most difficult for me,",3,7,9,1,2,6,3,3,0,0,0,3,0,2,0,4,4,0,3,4,4,0,1,3,0,0,0,2,0,0,0,2,0,0,2,0,0,0,0,2,0,0,0,0,1,0,3,0,0,1,0,2370737
"1191","wtnE5ZvR2SAyQFs",52,"Female","2",57,"deck2","deck1","NP-NP",82,2353.89999998733,7,"magnitude",2,69,649.790000054054,"Yes","Somewhat.","I liked the decks with the progress bar.","Yes. There were definite patterns in most of the decks.","Yes, the decks that alternated colors were the most difficult for me,",3,7,9,1,2,6,3,3,0,0,0,3,0,2,0,4,4,0,3,4,4,0,1,3,0,0,0,2,0,0,0,2,0,0,2,0,0,0,0,2,0,0,0,0,1,0,3,0,0,1,0,2371889
"1192","wtnE5ZvR2SAyQFs",52,"Female","2",57,"deck2","deck1","NP-NP",82,2353.89999998733,8,"magnitude",6,73,498.765000025742,"Yes","Somewhat.","I liked the decks with the progress bar.","Yes. There were definite patterns in most of the decks.","Yes, the decks that alternated colors were the most difficult for me,",3,7,9,1,2,6,3,3,0,0,0,3,0,2,0,4,4,0,3,4,4,0,1,3,0,0,0,2,0,0,0,2,0,0,2,0,0,0,0,2,0,0,0,0,1,0,3,0,0,1,0,2372889
"1193","wtnE5ZvR2SAyQFs",52,"Female","2",57,"deck2","deck1","NP-NP",82,2353.89999998733,9,"magnitude",8,73,650.095000048168,"Yes","Somewhat.","I liked the decks with the progress bar.","Yes. There were definite patterns in most of the decks.","Yes, the decks that alternated colors were the most difficult for me,",3,7,9,1,2,6,3,3,0,0,0,3,0,2,0,4,4,0,3,4,4,0,1,3,0,0,0,2,0,0,0,2,0,0,2,0,0,0,0,2,0,0,0,0,1,0,3,0,0,1,0,2374041
"1194","wtnE5ZvR2SAyQFs",52,"Female","2",57,"deck2","deck1","NP-NP",82,2353.89999998733,10,"magnitude",4,69,907.030000002123,"Yes","Somewhat.","I liked the decks with the progress bar.","Yes. There were definite patterns in most of the decks.","Yes, the decks that alternated colors were the most difficult for me,",3,7,9,1,2,6,3,3,0,0,0,3,0,2,0,4,4,0,3,4,4,0,1,3,0,0,0,2,0,0,0,2,0,0,2,0,0,0,0,2,0,0,0,0,1,0,3,0,0,1,0,2375449
"1195","wtnE5ZvR2SAyQFs",52,"Female","2",57,"deck2","deck1","NP-NP",82,2353.89999998733,11,"magnitude",3,69,674.084999947809,"Yes","Somewhat.","I liked the decks with the progress bar.","Yes. There were definite patterns in most of the decks.","Yes, the decks that alternated colors were the most difficult for me,",3,7,9,1,2,6,3,3,0,0,0,3,0,2,0,4,4,0,3,4,4,0,1,3,0,0,0,2,0,0,0,2,0,0,2,0,0,0,0,2,0,0,0,0,1,0,3,0,0,1,0,2376625
"1196","wtnE5ZvR2SAyQFs",52,"Female","2",57,"deck2","deck1","NP-NP",82,2353.89999998733,12,"magnitude",2,69,697.749999933876,"Yes","Somewhat.","I liked the decks with the progress bar.","Yes. There were definite patterns in most of the decks.","Yes, the decks that alternated colors were the most difficult for me,",3,7,9,1,2,6,3,3,0,0,0,3,0,2,0,4,4,0,3,4,4,0,1,3,0,0,0,2,0,0,0,2,0,0,2,0,0,0,0,2,0,0,0,0,1,0,3,0,0,1,0,2377825
"1197","wtnE5ZvR2SAyQFs",52,"Female","2",57,"deck2","deck1","NP-NP",82,2353.89999998733,13,"magnitude",4,69,826.05999999214,"Yes","Somewhat.","I liked the decks with the progress bar.","Yes. There were definite patterns in most of the decks.","Yes, the decks that alternated colors were the most difficult for me,",3,7,9,1,2,6,3,3,0,0,0,3,0,2,0,4,4,0,3,4,4,0,1,3,0,0,0,2,0,0,0,2,0,0,2,0,0,0,0,2,0,0,0,0,1,0,3,0,0,1,0,2379153
"1198","wtnE5ZvR2SAyQFs",52,"Female","2",57,"deck2","deck1","NP-NP",82,2353.89999998733,14,"magnitude",9,73,602.435000007972,"Yes","Somewhat.","I liked the decks with the progress bar.","Yes. There were definite patterns in most of the decks.","Yes, the decks that alternated colors were the most difficult for me,",3,7,9,1,2,6,3,3,0,0,0,3,0,2,0,4,4,0,3,4,4,0,1,3,0,0,0,2,0,0,0,2,0,0,2,0,0,0,0,2,0,0,0,0,1,0,3,0,0,1,0,2380257
"1199","wtnE5ZvR2SAyQFs",52,"Female","2",57,"deck2","deck1","NP-NP",82,2353.89999998733,15,"magnitude",8,73,729.879999998957,"Yes","Somewhat.","I liked the decks with the progress bar.","Yes. There were definite patterns in most of the decks.","Yes, the decks that alternated colors were the most difficult for me,",3,7,9,1,2,6,3,3,0,0,0,3,0,2,0,4,4,0,3,4,4,0,1,3,0,0,0,2,0,0,0,2,0,0,2,0,0,0,0,2,0,0,0,0,1,0,3,0,0,1,0,2381489
"1200","wtnE5ZvR2SAyQFs",52,"Female","2",57,"deck2","deck1","NP-NP",82,2353.89999998733,16,"magnitude",6,73,834.664999973029,"Yes","Somewhat.","I liked the decks with the progress bar.","Yes. There were definite patterns in most of the decks.","Yes, the decks that alternated colors were the most difficult for me,",3,7,9,1,2,6,3,3,0,0,0,3,0,2,0,4,4,0,3,4,4,0,1,3,0,0,0,2,0,0,0,2,0,0,2,0,0,0,0,2,0,0,0,0,1,0,3,0,0,1,0,2382825
"1201","wtnE5ZvR2SAyQFs",52,"Female","2",58,"deck5","deck4","P-P",82,2369.53499994706,1,"magnitude",3,69,1156.29499999341,"Yes","Somewhat.","I liked the decks with the progress bar.","Yes. There were definite patterns in most of the decks.","Yes, the decks that alternated colors were the most difficult for me,",3,7,9,1,2,6,3,3,0,0,0,3,0,2,0,4,4,0,3,4,4,0,1,3,0,0,0,2,0,0,0,2,0,0,2,0,0,0,0,2,0,0,0,0,1,0,3,0,0,1,0,2387857
"1202","wtnE5ZvR2SAyQFs",52,"Female","2",58,"deck5","deck4","P-P",82,2369.53499994706,2,"parity",3,73,930.294999969192,"Yes","Somewhat.","I liked the decks with the progress bar.","Yes. There were definite patterns in most of the decks.","Yes, the decks that alternated colors were the most difficult for me,",3,7,9,1,2,6,3,3,0,0,0,3,0,2,0,4,4,0,3,4,4,0,1,3,0,0,0,2,0,0,0,2,0,0,2,0,0,0,0,2,0,0,0,0,1,0,3,0,0,1,0,2389288
"1203","wtnE5ZvR2SAyQFs",52,"Female","2",58,"deck5","deck4","P-P",82,2369.53499994706,3,"parity",4,69,898.150000022724,"Yes","Somewhat.","I liked the decks with the progress bar.","Yes. There were definite patterns in most of the decks.","Yes, the decks that alternated colors were the most difficult for me,",3,7,9,1,2,6,3,3,0,0,0,3,0,2,0,4,4,0,3,4,4,0,1,3,0,0,0,2,0,0,0,2,0,0,2,0,0,0,0,2,0,0,0,0,1,0,3,0,0,1,0,2390688
"1204","wtnE5ZvR2SAyQFs",52,"Female","2",58,"deck5","deck4","P-P",82,2369.53499994706,4,"magnitude",7,73,546.509999898262,"Yes","Somewhat.","I liked the decks with the progress bar.","Yes. There were definite patterns in most of the decks.","Yes, the decks that alternated colors were the most difficult for me,",3,7,9,1,2,6,3,3,0,0,0,3,0,2,0,4,4,0,3,4,4,0,1,3,0,0,0,2,0,0,0,2,0,0,2,0,0,0,0,2,0,0,0,0,1,0,3,0,0,1,0,2391737
"1205","wtnE5ZvR2SAyQFs",52,"Female","2",58,"deck5","deck4","P-P",82,2369.53499994706,5,"magnitude",4,69,857.594999950379,"Yes","Somewhat.","I liked the decks with the progress bar.","Yes. There were definite patterns in most of the decks.","Yes, the decks that alternated colors were the most difficult for me,",3,7,9,1,2,6,3,3,0,0,0,3,0,2,0,4,4,0,3,4,4,0,1,3,0,0,0,2,0,0,0,2,0,0,2,0,0,0,0,2,0,0,0,0,1,0,3,0,0,1,0,2393096
"1206","wtnE5ZvR2SAyQFs",52,"Female","2",58,"deck5","deck4","P-P",82,2369.53499994706,6,"magnitude",6,73,650.145000079647,"Yes","Somewhat.","I liked the decks with the progress bar.","Yes. There were definite patterns in most of the decks.","Yes, the decks that alternated colors were the most difficult for me,",3,7,9,1,2,6,3,3,0,0,0,3,0,2,0,4,4,0,3,4,4,0,1,3,0,0,0,2,0,0,0,2,0,0,2,0,0,0,0,2,0,0,0,0,1,0,3,0,0,1,0,2394248
"1207","wtnE5ZvR2SAyQFs",52,"Female","2",58,"deck5","deck4","P-P",82,2369.53499994706,7,"magnitude",6,73,657.599999918602,"Yes","Somewhat.","I liked the decks with the progress bar.","Yes. There were definite patterns in most of the decks.","Yes, the decks that alternated colors were the most difficult for me,",3,7,9,1,2,6,3,3,0,0,0,3,0,2,0,4,4,0,3,4,4,0,1,3,0,0,0,2,0,0,0,2,0,0,2,0,0,0,0,2,0,0,0,0,1,0,3,0,0,1,0,2395408
"1208","wtnE5ZvR2SAyQFs",52,"Female","2",58,"deck5","deck4","P-P",82,2369.53499994706,8,"magnitude",1,69,594.485000008717,"Yes","Somewhat.","I liked the decks with the progress bar.","Yes. There were definite patterns in most of the decks.","Yes, the decks that alternated colors were the most difficult for me,",3,7,9,1,2,6,3,3,0,0,0,3,0,2,0,4,4,0,3,4,4,0,1,3,0,0,0,2,0,0,0,2,0,0,2,0,0,0,0,2,0,0,0,0,1,0,3,0,0,1,0,2396504
"1209","wtnE5ZvR2SAyQFs",52,"Female","2",58,"deck5","deck4","P-P",82,2369.53499994706,9,"magnitude",6,73,561.95000000298,"Yes","Somewhat.","I liked the decks with the progress bar.","Yes. There were definite patterns in most of the decks.","Yes, the decks that alternated colors were the most difficult for me,",3,7,9,1,2,6,3,3,0,0,0,3,0,2,0,4,4,0,3,4,4,0,1,3,0,0,0,2,0,0,0,2,0,0,2,0,0,0,0,2,0,0,0,0,1,0,3,0,0,1,0,2397568
"1210","wtnE5ZvR2SAyQFs",52,"Female","2",58,"deck5","deck4","P-P",82,2369.53499994706,10,"magnitude",8,73,626.824999926612,"Yes","Somewhat.","I liked the decks with the progress bar.","Yes. There were definite patterns in most of the decks.","Yes, the decks that alternated colors were the most difficult for me,",3,7,9,1,2,6,3,3,0,0,0,3,0,2,0,4,4,0,3,4,4,0,1,3,0,0,0,2,0,0,0,2,0,0,2,0,0,0,0,2,0,0,0,0,1,0,3,0,0,1,0,2398696
"1211","wtnE5ZvR2SAyQFs",52,"Female","2",58,"deck5","deck4","P-P",82,2369.53499994706,11,"magnitude",8,73,586.525000049733,"Yes","Somewhat.","I liked the decks with the progress bar.","Yes. There were definite patterns in most of the decks.","Yes, the decks that alternated colors were the most difficult for me,",3,7,9,1,2,6,3,3,0,0,0,3,0,2,0,4,4,0,3,4,4,0,1,3,0,0,0,2,0,0,0,2,0,0,2,0,0,0,0,2,0,0,0,0,1,0,3,0,0,1,0,2399784
"1212","wtnE5ZvR2SAyQFs",52,"Female","2",58,"deck5","deck4","P-P",82,2369.53499994706,12,"magnitude",1,69,578.029999975115,"Yes","Somewhat.","I liked the decks with the progress bar.","Yes. There were definite patterns in most of the decks.","Yes, the decks that alternated colors were the most difficult for me,",3,7,9,1,2,6,3,3,0,0,0,3,0,2,0,4,4,0,3,4,4,0,1,3,0,0,0,2,0,0,0,2,0,0,2,0,0,0,0,2,0,0,0,0,1,0,3,0,0,1,0,2400864
"1213","wtnE5ZvR2SAyQFs",52,"Female","2",58,"deck5","deck4","P-P",82,2369.53499994706,13,"magnitude",4,69,626.934999949299,"Yes","Somewhat.","I liked the decks with the progress bar.","Yes. There were definite patterns in most of the decks.","Yes, the decks that alternated colors were the most difficult for me,",3,7,9,1,2,6,3,3,0,0,0,3,0,2,0,4,4,0,3,4,4,0,1,3,0,0,0,2,0,0,0,2,0,0,2,0,0,0,0,2,0,0,0,0,1,0,3,0,0,1,0,2401994
"1214","wtnE5ZvR2SAyQFs",52,"Female","2",58,"deck5","deck4","P-P",82,2369.53499994706,14,"magnitude",2,69,593.170000007376,"Yes","Somewhat.","I liked the decks with the progress bar.","Yes. There were definite patterns in most of the decks.","Yes, the decks that alternated colors were the most difficult for me,",3,7,9,1,2,6,3,3,0,0,0,3,0,2,0,4,4,0,3,4,4,0,1,3,0,0,0,2,0,0,0,2,0,0,2,0,0,0,0,2,0,0,0,0,1,0,3,0,0,1,0,2403088
"1215","wtnE5ZvR2SAyQFs",52,"Female","2",58,"deck5","deck4","P-P",82,2369.53499994706,15,"magnitude",4,69,537.944999989122,"Yes","Somewhat.","I liked the decks with the progress bar.","Yes. There were definite patterns in most of the decks.","Yes, the decks that alternated colors were the most difficult for me,",3,7,9,1,2,6,3,3,0,0,0,3,0,2,0,4,4,0,3,4,4,0,1,3,0,0,0,2,0,0,0,2,0,0,2,0,0,0,0,2,0,0,0,0,1,0,3,0,0,1,0,2404128
"1216","wtnE5ZvR2SAyQFs",52,"Female","2",58,"deck5","deck4","P-P",82,2369.53499994706,16,"magnitude",9,73,610.585000016727,"Yes","Somewhat.","I liked the decks with the progress bar.","Yes. There were definite patterns in most of the decks.","Yes, the decks that alternated colors were the most difficult for me,",3,7,9,1,2,6,3,3,0,0,0,3,0,2,0,4,4,0,3,4,4,0,1,3,0,0,0,2,0,0,0,2,0,0,2,0,0,0,0,2,0,0,0,0,1,0,3,0,0,1,0,2405240
"1217","wtnE5ZvR2SAyQFs",52,"Female","2",59,"deck6","deck3","P-NP",82,3313.45000001602,1,"parity",2,69,1634.6650000196,"Yes","Somewhat.","I liked the decks with the progress bar.","Yes. There were definite patterns in most of the decks.","Yes, the decks that alternated colors were the most difficult for me,",3,7,9,1,2,6,3,3,0,0,0,3,0,2,0,4,4,0,3,4,4,0,1,3,0,0,0,2,0,0,0,2,0,0,2,0,0,0,0,2,0,0,0,0,1,0,3,0,0,1,0,2411696
"1218","wtnE5ZvR2SAyQFs",52,"Female","2",59,"deck6","deck3","P-NP",82,3313.45000001602,2,"magnitude",8,73,842.130000004545,"Yes","Somewhat.","I liked the decks with the progress bar.","Yes. There were definite patterns in most of the decks.","Yes, the decks that alternated colors were the most difficult for me,",3,7,9,1,2,6,3,3,0,0,0,3,0,2,0,4,4,0,3,4,4,0,1,3,0,0,0,2,0,0,0,2,0,0,2,0,0,0,0,2,0,0,0,0,1,0,3,0,0,1,0,2413040
"1219","wtnE5ZvR2SAyQFs",52,"Female","2",59,"deck6","deck3","P-NP",82,3313.45000001602,3,"parity",9,73,730.519999982789,"Yes","Somewhat.","I liked the decks with the progress bar.","Yes. There were definite patterns in most of the decks.","Yes, the decks that alternated colors were the most difficult for me,",3,7,9,1,2,6,3,3,0,0,0,3,0,2,0,4,4,0,3,4,4,0,1,3,0,0,0,2,0,0,0,2,0,0,2,0,0,0,0,2,0,0,0,0,1,0,3,0,0,1,0,2414272
"1220","wtnE5ZvR2SAyQFs",52,"Female","2",59,"deck6","deck3","P-NP",82,3313.45000001602,4,"magnitude",9,73,761.664999998175,"Yes","Somewhat.","I liked the decks with the progress bar.","Yes. There were definite patterns in most of the decks.","Yes, the decks that alternated colors were the most difficult for me,",3,7,9,1,2,6,3,3,0,0,0,3,0,2,0,4,4,0,3,4,4,0,1,3,0,0,0,2,0,0,0,2,0,0,2,0,0,0,0,2,0,0,0,0,1,0,3,0,0,1,0,2415536
"1221","wtnE5ZvR2SAyQFs",52,"Female","2",59,"deck6","deck3","P-NP",82,3313.45000001602,5,"parity",9,73,601.779999909922,"Yes","Somewhat.","I liked the decks with the progress bar.","Yes. There were definite patterns in most of the decks.","Yes, the decks that alternated colors were the most difficult for me,",3,7,9,1,2,6,3,3,0,0,0,3,0,2,0,4,4,0,3,4,4,0,1,3,0,0,0,2,0,0,0,2,0,0,2,0,0,0,0,2,0,0,0,0,1,0,3,0,0,1,0,2416640
"1222","wtnE5ZvR2SAyQFs",52,"Female","2",59,"deck6","deck3","P-NP",82,3313.45000001602,6,"magnitude",1,69,842.524999985471,"Yes","Somewhat.","I liked the decks with the progress bar.","Yes. There were definite patterns in most of the decks.","Yes, the decks that alternated colors were the most difficult for me,",3,7,9,1,2,6,3,3,0,0,0,3,0,2,0,4,4,0,3,4,4,0,1,3,0,0,0,2,0,0,0,2,0,0,2,0,0,0,0,2,0,0,0,0,1,0,3,0,0,1,0,2417984
"1223","wtnE5ZvR2SAyQFs",52,"Female","2",59,"deck6","deck3","P-NP",82,3313.45000001602,7,"parity",6,69,907.744999974966,"Yes","Somewhat.","I liked the decks with the progress bar.","Yes. There were definite patterns in most of the decks.","Yes, the decks that alternated colors were the most difficult for me,",3,7,9,1,2,6,3,3,0,0,0,3,0,2,0,4,4,0,3,4,4,0,1,3,0,0,0,2,0,0,0,2,0,0,2,0,0,0,0,2,0,0,0,0,1,0,3,0,0,1,0,2419394
"1224","wtnE5ZvR2SAyQFs",52,"Female","2",59,"deck6","deck3","P-NP",82,3313.45000001602,8,"magnitude",6,73,646.874999976717,"Yes","Somewhat.","I liked the decks with the progress bar.","Yes. There were definite patterns in most of the decks.","Yes, the decks that alternated colors were the most difficult for me,",3,7,9,1,2,6,3,3,0,0,0,3,0,2,0,4,4,0,3,4,4,0,1,3,0,0,0,2,0,0,0,2,0,0,2,0,0,0,0,2,0,0,0,0,1,0,3,0,0,1,0,2420544
"1225","wtnE5ZvR2SAyQFs",52,"Female","2",59,"deck6","deck3","P-NP",82,3313.45000001602,9,"parity",1,73,994.690000079572,"Yes","Somewhat.","I liked the decks with the progress bar.","Yes. There were definite patterns in most of the decks.","Yes, the decks that alternated colors were the most difficult for me,",3,7,9,1,2,6,3,3,0,0,0,3,0,2,0,4,4,0,3,4,4,0,1,3,0,0,0,2,0,0,0,2,0,0,2,0,0,0,0,2,0,0,0,0,1,0,3,0,0,1,0,2422040
"1226","wtnE5ZvR2SAyQFs",52,"Female","2",59,"deck6","deck3","P-NP",82,3313.45000001602,10,"magnitude",9,73,802.565000019968,"Yes","Somewhat.","I liked the decks with the progress bar.","Yes. There were definite patterns in most of the decks.","Yes, the decks that alternated colors were the most difficult for me,",3,7,9,1,2,6,3,3,0,0,0,3,0,2,0,4,4,0,3,4,4,0,1,3,0,0,0,2,0,0,0,2,0,0,2,0,0,0,0,2,0,0,0,0,1,0,3,0,0,1,0,2423344
"1227","wtnE5ZvR2SAyQFs",52,"Female","2",59,"deck6","deck3","P-NP",82,3313.45000001602,11,"parity",9,69,754.405000014231,"Yes","Somewhat.","I liked the decks with the progress bar.","Yes. There were definite patterns in most of the decks.","Yes, the decks that alternated colors were the most difficult for me,",3,7,9,1,2,6,3,3,0,0,0,3,0,2,0,4,4,0,3,4,4,0,1,3,0,0,0,2,0,0,0,2,0,0,2,0,0,0,0,2,0,0,0,0,1,0,3,0,0,1,0,2424600
"1228","wtnE5ZvR2SAyQFs",52,"Female","2",59,"deck6","deck3","P-NP",82,3313.45000001602,12,"magnitude",3,69,681.924999924377,"Yes","Somewhat.","I liked the decks with the progress bar.","Yes. There were definite patterns in most of the decks.","Yes, the decks that alternated colors were the most difficult for me,",3,7,9,1,2,6,3,3,0,0,0,3,0,2,0,4,4,0,3,4,4,0,1,3,0,0,0,2,0,0,0,2,0,0,2,0,0,0,0,2,0,0,0,0,1,0,3,0,0,1,0,2425784
"1229","wtnE5ZvR2SAyQFs",52,"Female","2",59,"deck6","deck3","P-NP",82,3313.45000001602,13,"parity",7,73,793.870000052266,"Yes","Somewhat.","I liked the decks with the progress bar.","Yes. There were definite patterns in most of the decks.","Yes, the decks that alternated colors were the most difficult for me,",3,7,9,1,2,6,3,3,0,0,0,3,0,2,0,4,4,0,3,4,4,0,1,3,0,0,0,2,0,0,0,2,0,0,2,0,0,0,0,2,0,0,0,0,1,0,3,0,0,1,0,2427080
"1230","wtnE5ZvR2SAyQFs",52,"Female","2",59,"deck6","deck3","P-NP",82,3313.45000001602,14,"magnitude",8,73,1338.56499998365,"Yes","Somewhat.","I liked the decks with the progress bar.","Yes. There were definite patterns in most of the decks.","Yes, the decks that alternated colors were the most difficult for me,",3,7,9,1,2,6,3,3,0,0,0,3,0,2,0,4,4,0,3,4,4,0,1,3,0,0,0,2,0,0,0,2,0,0,2,0,0,0,0,2,0,0,0,0,1,0,3,0,0,1,0,2428920
"1231","wtnE5ZvR2SAyQFs",52,"Female","2",59,"deck6","deck3","P-NP",82,3313.45000001602,15,"magnitude",1,69,762.410000083037,"Yes","Somewhat.","I liked the decks with the progress bar.","Yes. There were definite patterns in most of the decks.","Yes, the decks that alternated colors were the most difficult for me,",3,7,9,1,2,6,3,3,0,0,0,3,0,2,0,4,4,0,3,4,4,0,1,3,0,0,0,2,0,0,0,2,0,0,2,0,0,0,0,2,0,0,0,0,1,0,3,0,0,1,0,2430184
"1232","wtnE5ZvR2SAyQFs",52,"Female","2",59,"deck6","deck3","P-NP",82,3313.45000001602,16,"parity",3,73,913.425000035204,"Yes","Somewhat.","I liked the decks with the progress bar.","Yes. There were definite patterns in most of the decks.","Yes, the decks that alternated colors were the most difficult for me,",3,7,9,1,2,6,3,3,0,0,0,3,0,2,0,4,4,0,3,4,4,0,1,3,0,0,0,2,0,0,0,2,0,0,2,0,0,0,0,2,0,0,0,0,1,0,3,0,0,1,0,2431600
"1233","wtnE5ZvR2SAyQFs",52,"Female","2",60,"deck3","deck1","NP-NP",82,2441.80000002962,1,"parity",2,69,1354.43499998655,"Yes","Somewhat.","I liked the decks with the progress bar.","Yes. There were definite patterns in most of the decks.","Yes, the decks that alternated colors were the most difficult for me,",3,7,9,1,2,6,3,3,0,0,0,3,0,2,0,4,4,0,3,4,4,0,1,3,0,0,0,2,0,0,0,2,0,0,2,0,0,0,0,2,0,0,0,0,1,0,3,0,0,1,0,2436904
"1234","wtnE5ZvR2SAyQFs",52,"Female","2",60,"deck3","deck1","NP-NP",82,2441.80000002962,2,"parity",3,73,593.229999998584,"Yes","Somewhat.","I liked the decks with the progress bar.","Yes. There were definite patterns in most of the decks.","Yes, the decks that alternated colors were the most difficult for me,",3,7,9,1,2,6,3,3,0,0,0,3,0,2,0,4,4,0,3,4,4,0,1,3,0,0,0,2,0,0,0,2,0,0,2,0,0,0,0,2,0,0,0,0,1,0,3,0,0,1,0,2438000
"1235","wtnE5ZvR2SAyQFs",52,"Female","2",60,"deck3","deck1","NP-NP",82,2441.80000002962,3,"parity",2,69,569.924999959767,"Yes","Somewhat.","I liked the decks with the progress bar.","Yes. There were definite patterns in most of the decks.","Yes, the decks that alternated colors were the most difficult for me,",3,7,9,1,2,6,3,3,0,0,0,3,0,2,0,4,4,0,3,4,4,0,1,3,0,0,0,2,0,0,0,2,0,0,2,0,0,0,0,2,0,0,0,0,1,0,3,0,0,1,0,2439072
"1236","wtnE5ZvR2SAyQFs",52,"Female","2",60,"deck3","deck1","NP-NP",82,2441.80000002962,4,"parity",9,73,697.950000059791,"Yes","Somewhat.","I liked the decks with the progress bar.","Yes. There were definite patterns in most of the decks.","Yes, the decks that alternated colors were the most difficult for me,",3,7,9,1,2,6,3,3,0,0,0,3,0,2,0,4,4,0,3,4,4,0,1,3,0,0,0,2,0,0,0,2,0,0,2,0,0,0,0,2,0,0,0,0,1,0,3,0,0,1,0,2440272
"1237","wtnE5ZvR2SAyQFs",52,"Female","2",60,"deck3","deck1","NP-NP",82,2441.80000002962,5,"parity",3,73,930.005000089295,"Yes","Somewhat.","I liked the decks with the progress bar.","Yes. There were definite patterns in most of the decks.","Yes, the decks that alternated colors were the most difficult for me,",3,7,9,1,2,6,3,3,0,0,0,3,0,2,0,4,4,0,3,4,4,0,1,3,0,0,0,2,0,0,0,2,0,0,2,0,0,0,0,2,0,0,0,0,1,0,3,0,0,1,0,2441704
"1238","wtnE5ZvR2SAyQFs",52,"Female","2",60,"deck3","deck1","NP-NP",82,2441.80000002962,6,"parity",8,69,761.790000018664,"Yes","Somewhat.","I liked the decks with the progress bar.","Yes. There were definite patterns in most of the decks.","Yes, the decks that alternated colors were the most difficult for me,",3,7,9,1,2,6,3,3,0,0,0,3,0,2,0,4,4,0,3,4,4,0,1,3,0,0,0,2,0,0,0,2,0,0,2,0,0,0,0,2,0,0,0,0,1,0,3,0,0,1,0,2442968
"1239","wtnE5ZvR2SAyQFs",52,"Female","2",60,"deck3","deck1","NP-NP",82,2441.80000002962,7,"parity",3,73,914.649999933317,"Yes","Somewhat.","I liked the decks with the progress bar.","Yes. There were definite patterns in most of the decks.","Yes, the decks that alternated colors were the most difficult for me,",3,7,9,1,2,6,3,3,0,0,0,3,0,2,0,4,4,0,3,4,4,0,1,3,0,0,0,2,0,0,0,2,0,0,2,0,0,0,0,2,0,0,0,0,1,0,3,0,0,1,0,2444384
"1240","wtnE5ZvR2SAyQFs",52,"Female","2",60,"deck3","deck1","NP-NP",82,2441.80000002962,8,"parity",3,73,682.434999966063,"Yes","Somewhat.","I liked the decks with the progress bar.","Yes. There were definite patterns in most of the decks.","Yes, the decks that alternated colors were the most difficult for me,",3,7,9,1,2,6,3,3,0,0,0,3,0,2,0,4,4,0,3,4,4,0,1,3,0,0,0,2,0,0,0,2,0,0,2,0,0,0,0,2,0,0,0,0,1,0,3,0,0,1,0,2445568
"1241","wtnE5ZvR2SAyQFs",52,"Female","2",60,"deck3","deck1","NP-NP",82,2441.80000002962,9,"parity",2,69,707.070000004023,"Yes","Somewhat.","I liked the decks with the progress bar.","Yes. There were definite patterns in most of the decks.","Yes, the decks that alternated colors were the most difficult for me,",3,7,9,1,2,6,3,3,0,0,0,3,0,2,0,4,4,0,3,4,4,0,1,3,0,0,0,2,0,0,0,2,0,0,2,0,0,0,0,2,0,0,0,0,1,0,3,0,0,1,0,2446777
"1242","wtnE5ZvR2SAyQFs",52,"Female","2",60,"deck3","deck1","NP-NP",82,2441.80000002962,10,"parity",4,69,817.120000021532,"Yes","Somewhat.","I liked the decks with the progress bar.","Yes. There were definite patterns in most of the decks.","Yes, the decks that alternated colors were the most difficult for me,",3,7,9,1,2,6,3,3,0,0,0,3,0,2,0,4,4,0,3,4,4,0,1,3,0,0,0,2,0,0,0,2,0,0,2,0,0,0,0,2,0,0,0,0,1,0,3,0,0,1,0,2448096
"1243","wtnE5ZvR2SAyQFs",52,"Female","2",60,"deck3","deck1","NP-NP",82,2441.80000002962,11,"parity",1,73,594.240000005811,"Yes","Somewhat.","I liked the decks with the progress bar.","Yes. There were definite patterns in most of the decks.","Yes, the decks that alternated colors were the most difficult for me,",3,7,9,1,2,6,3,3,0,0,0,3,0,2,0,4,4,0,3,4,4,0,1,3,0,0,0,2,0,0,0,2,0,0,2,0,0,0,0,2,0,0,0,0,1,0,3,0,0,1,0,2449192
"1244","wtnE5ZvR2SAyQFs",52,"Female","2",60,"deck3","deck1","NP-NP",82,2441.80000002962,12,"parity",7,73,569.3499998888,"Yes","Somewhat.","I liked the decks with the progress bar.","Yes. There were definite patterns in most of the decks.","Yes, the decks that alternated colors were the most difficult for me,",3,7,9,1,2,6,3,3,0,0,0,3,0,2,0,4,4,0,3,4,4,0,1,3,0,0,0,2,0,0,0,2,0,0,2,0,0,0,0,2,0,0,0,0,1,0,3,0,0,1,0,2450263
"1245","wtnE5ZvR2SAyQFs",52,"Female","2",60,"deck3","deck1","NP-NP",82,2441.80000002962,13,"parity",8,69,562.825000029989,"Yes","Somewhat.","I liked the decks with the progress bar.","Yes. There were definite patterns in most of the decks.","Yes, the decks that alternated colors were the most difficult for me,",3,7,9,1,2,6,3,3,0,0,0,3,0,2,0,4,4,0,3,4,4,0,1,3,0,0,0,2,0,0,0,2,0,0,2,0,0,0,0,2,0,0,0,0,1,0,3,0,0,1,0,2451328
"1246","wtnE5ZvR2SAyQFs",52,"Female","2",60,"deck3","deck1","NP-NP",82,2441.80000002962,14,"parity",8,69,482.019999995828,"Yes","Somewhat.","I liked the decks with the progress bar.","Yes. There were definite patterns in most of the decks.","Yes, the decks that alternated colors were the most difficult for me,",3,7,9,1,2,6,3,3,0,0,0,3,0,2,0,4,4,0,3,4,4,0,1,3,0,0,0,2,0,0,0,2,0,0,2,0,0,0,0,2,0,0,0,0,1,0,3,0,0,1,0,2452312
"1247","wtnE5ZvR2SAyQFs",52,"Female","2",60,"deck3","deck1","NP-NP",82,2441.80000002962,15,"magnitude",1,69,785.204999963753,"Yes","Somewhat.","I liked the decks with the progress bar.","Yes. There were definite patterns in most of the decks.","Yes, the decks that alternated colors were the most difficult for me,",3,7,9,1,2,6,3,3,0,0,0,3,0,2,0,4,4,0,3,4,4,0,1,3,0,0,0,2,0,0,0,2,0,0,2,0,0,0,0,2,0,0,0,0,1,0,3,0,0,1,0,2453599
"1248","wtnE5ZvR2SAyQFs",52,"Female","2",60,"deck3","deck1","NP-NP",82,2441.80000002962,16,"parity",1,73,994.234999991022,"Yes","Somewhat.","I liked the decks with the progress bar.","Yes. There were definite patterns in most of the decks.","Yes, the decks that alternated colors were the most difficult for me,",3,7,9,1,2,6,3,3,0,0,0,3,0,2,0,4,4,0,3,4,4,0,1,3,0,0,0,2,0,0,0,2,0,0,2,0,0,0,0,2,0,0,0,0,1,0,3,0,0,1,0,2455095
